4.012819448017679314e-04 0.000000000000000000e+00
8.162819448017666346e-04 1.000000000000000000e+00
1.338281944801789081e-03 2.000000000000000000e+00
1.589281944801790303e-03 0.000000000000000000e+00
1.965281944801777758e-03 3.000000000000000000e+00
2.400281944801796463e-03 1.000000000000000000e+00
2.692281944801755422e-03 4.000000000000000000e+00
3.324281944801776856e-03 2.000000000000000000e+00
3.517281944801775584e-03 5.000000000000000000e+00
3.569281944801772077e-03 0.000000000000000000e+00
4.359281944801784991e-03 3.000000000000000000e+00
4.440281944801782732e-03 6.000000000000000000e+00
4.776281944801785695e-03 1.000000000000000000e+00
5.457281944801772866e-03 7.000000000000000000e+00
5.502281944801790114e-03 4.000000000000000000e+00
6.098281944801775545e-03 2.000000000000000000e+00
6.341281944801768766e-03 0.000000000000000000e+00
6.569281944801774742e-03 8.000000000000000000e+00
6.751281944801790225e-03 5.000000000000000000e+00
7.533281944801795138e-03 3.000000000000000000e+00
7.775281944801759604e-03 9.000000000000000000e+00
7.943281944801761085e-03 1.000000000000000000e+00
8.104281944801783322e-03 6.000000000000000000e+00
9.073281944801780963e-03 1.000000000000000000e+01
9.080281944801760208e-03 4.000000000000000000e+00
9.559281944801767406e-03 7.000000000000000000e+00
9.662281944801787148e-03 2.000000000000000000e+00
9.904281944801807125e-03 0.000000000000000000e+00
1.046328194480178331e-02 1.100000000000000000e+01
1.073628194480180653e-02 5.000000000000000000e+00
1.111528194480176923e-02 8.000000000000000000e+00
1.149628194480178944e-02 3.000000000000000000e+00
1.190328194480178015e-02 1.000000000000000000e+00
1.194428194480179339e-02 1.200000000000000000e+01
1.250028194480179433e-02 6.000000000000000000e+00
1.277228194480178880e-02 9.000000000000000000e+00
1.344228194480179273e-02 4.000000000000000000e+00
1.351728194480178447e-02 1.300000000000000000e+01
1.401828194480175815e-02 2.000000000000000000e+00
1.425928194480180489e-02 0.000000000000000000e+00
1.437128194480180587e-02 7.000000000000000000e+00
1.452828194480176860e-02 1.000000000000000000e+01
1.517928194480178128e-02 1.400000000000000000e+01
1.550128194480177024e-02 5.000000000000000000e+00
1.624828194480176791e-02 3.000000000000000000e+00
1.634728194480178365e-02 8.000000000000000000e+00
1.638228194480179090e-02 1.100000000000000000e+01
1.665328194480175661e-02 1.000000000000000000e+00
1.693228194480178583e-02 1.500000000000000000e+01
1.766928194480177350e-02 6.000000000000000000e+00
1.833328194480177142e-02 1.200000000000000000e+01
1.842628194480178117e-02 9.000000000000000000e+00
1.859328194480175389e-02 4.000000000000000000e+00
1.877428194480179613e-02 1.600000000000000000e+01
1.916428194480179759e-02 2.000000000000000000e+00
1.940628194480176205e-02 0.000000000000000000e+00
1.994628194480180250e-02 7.000000000000000000e+00
2.038228194480179445e-02 1.300000000000000000e+01
2.060928194480177167e-02 1.000000000000000000e+01
2.070628194480178541e-02 1.700000000000000000e+01
2.105128194480176962e-02 5.000000000000000000e+00
2.179128194480178804e-02 3.000000000000000000e+00
2.219528194480180350e-02 1.000000000000000000e+00
2.233228194480180173e-02 8.000000000000000000e+00
2.252628194480177370e-02 1.400000000000000000e+01
2.272628194480180719e-02 1.800000000000000000e+01
2.289428194480175316e-02 1.100000000000000000e+01
2.362028194480175758e-02 6.000000000000000000e+00
2.453328194480175473e-02 4.000000000000000000e+00
2.476628194480179346e-02 1.500000000000000000e+01
2.482428194480179595e-02 9.000000000000000000e+00
2.483628194480175244e-02 1.900000000000000000e+01
2.510228194480179642e-02 2.000000000000000000e+00
2.528128194480178115e-02 1.200000000000000000e+01
2.534328194480178764e-02 0.000000000000000000e+00
2.630028194480177328e-02 7.000000000000000000e+00
2.703328194480175695e-02 2.000000000000000000e+01
2.710128194480176944e-02 1.600000000000000000e+01
2.738928194480177991e-02 5.000000000000000000e+00
2.742128194480175640e-02 1.000000000000000000e+01
2.776828194480179812e-02 1.300000000000000000e+01
2.812528194480179433e-02 3.000000000000000000e+00
2.852928194480175428e-02 1.000000000000000000e+00
2.909028194480178797e-02 8.000000000000000000e+00
2.931928194480176719e-02 2.100000000000000000e+01
2.953128194480175717e-02 1.700000000000000000e+01
3.012428194480176735e-02 1.100000000000000000e+01
3.035528194480180408e-02 1.400000000000000000e+01
3.035828194480177933e-02 6.000000000000000000e+00
3.126428194480179723e-02 4.000000000000000000e+00
3.169328194480175442e-02 2.200000000000000000e+01
3.183128194480178141e-02 2.000000000000000000e+00
3.198928194480177289e-02 9.000000000000000000e+00
3.205528194480178339e-02 1.800000000000000000e+01
3.207228194480177264e-02 0.000000000000000000e+00
3.293128194480177129e-02 1.200000000000000000e+01
3.304128194480177028e-02 1.500000000000000000e+01
3.343828194480180649e-02 7.000000000000000000e+00
3.415528194480177415e-02 2.300000000000000000e+01
3.451728194480180312e-02 5.000000000000000000e+00
3.467328194480179260e-02 1.900000000000000000e+01
3.499528194480178156e-02 1.000000000000000000e+01
3.525028194480178678e-02 3.000000000000000000e+00
3.565228194480180024e-02 1.000000000000000000e+00
3.582628194480175221e-02 1.600000000000000000e+01
3.584128194480179497e-02 1.300000000000000000e+01
3.663028194480177913e-02 8.000000000000000000e+00
3.670428194480179762e-02 2.400000000000000000e+01
3.738428194480175604e-02 2.000000000000000000e+01
3.788328194480178324e-02 6.000000000000000000e+00
3.810828194480175846e-02 1.100000000000000000e+01
3.870928194480177664e-02 1.700000000000000000e+01
3.878428194480176838e-02 4.000000000000000000e+00
3.885328194480175412e-02 1.400000000000000000e+01
3.934028194480176932e-02 2.500000000000000000e+01
3.935028194480177932e-02 2.000000000000000000e+00
3.959128194480177054e-02 0.000000000000000000e+00
3.993128194480177751e-02 9.000000000000000000e+00
4.018828194480178473e-02 2.100000000000000000e+01
4.132728194480178585e-02 1.200000000000000000e+01
4.136328194480176634e-02 7.000000000000000000e+00
4.169028194480178806e-02 1.800000000000000000e+01
4.196828194480178853e-02 1.500000000000000000e+01
4.206428194480177352e-02 2.600000000000000000e+01
4.243428194480175497e-02 5.000000000000000000e+00
4.308528194480176765e-02 2.200000000000000000e+01
4.316428194480176339e-02 3.000000000000000000e+00
4.334228194480177487e-02 1.000000000000000000e+01
4.356728194480180560e-02 1.000000000000000000e+00
4.465128194480177948e-02 1.300000000000000000e+01
4.476828194480175771e-02 1.900000000000000000e+01
4.487528194480178145e-02 2.700000000000000000e+01
4.495428194480177719e-02 8.000000000000000000e+00
4.518428194480178517e-02 1.600000000000000000e+01
4.607528194480176031e-02 2.300000000000000000e+01
4.619728194480177130e-02 6.000000000000000000e+00
4.686128194480176923e-02 1.100000000000000000e+01
4.709528194480178120e-02 4.000000000000000000e+00
4.766028194480176339e-02 2.000000000000000000e+00
4.777228194480176438e-02 2.800000000000000000e+01
4.790028194480178136e-02 0.000000000000000000e+00
4.794328194480179661e-02 2.000000000000000000e+01
4.808028194480179485e-02 1.400000000000000000e+01
4.850128194480179955e-02 1.700000000000000000e+01
4.865628194480176028e-02 9.000000000000000000e+00
4.915628194480176072e-02 2.400000000000000000e+01
5.007428194480179062e-02 7.000000000000000000e+00
5.048728194480178733e-02 1.200000000000000000e+01
5.075628194480180655e-02 2.900000000000000000e+01
5.114028194480180201e-02 5.000000000000000000e+00
5.121528194480179375e-02 2.100000000000000000e+01
5.161328194480180320e-02 1.500000000000000000e+01
5.186928194480178167e-02 3.000000000000000000e+00
5.191828194480180292e-02 1.800000000000000000e+01
5.227128194480179513e-02 1.000000000000000000e+00
5.232928194480179762e-02 2.500000000000000000e+01
5.246928194480177110e-02 1.000000000000000000e+01
5.382728194480179695e-02 3.000000000000000000e+01
5.406428194480178417e-02 8.000000000000000000e+00
5.422128194480180241e-02 1.300000000000000000e+01
5.458228194480180262e-02 2.200000000000000000e+01
5.525028194480180455e-02 1.600000000000000000e+01
5.530028194480179904e-02 6.000000000000000000e+00
5.543528194480179527e-02 1.900000000000000000e+01
5.559428194480176000e-02 2.600000000000000000e+01
5.619528194480177818e-02 4.000000000000000000e+00
5.639128194480175216e-02 1.100000000000000000e+01
5.675928194480178712e-02 2.000000000000000000e+00
5.698528194480179110e-02 3.100000000000000000e+01
5.699928194480180510e-02 0.000000000000000000e+00
5.804528194480179648e-02 2.300000000000000000e+01
5.806128194480175697e-02 1.400000000000000000e+01
5.816628194480177871e-02 9.000000000000000000e+00
5.895028194480178563e-02 2.700000000000000000e+01
5.899028194480177012e-02 1.700000000000000000e+01
5.905128194480180337e-02 2.000000000000000000e+01
5.957428194480179906e-02 7.000000000000000000e+00
6.022828194480178698e-02 3.200000000000000000e+01
6.042228194480175896e-02 1.200000000000000000e+01
6.063628194480180644e-02 5.000000000000000000e+00
6.136328194480178411e-02 3.000000000000000000e+00
6.160328194480180208e-02 2.400000000000000000e+01
6.176528194480179756e-02 1.000000000000000000e+00
6.200628194480178879e-02 1.500000000000000000e+01
6.237828194480177224e-02 1.000000000000000000e+01
6.239728194480176349e-02 2.800000000000000000e+01
6.276728194480180045e-02 2.100000000000000000e+01
6.283128194480175344e-02 1.800000000000000000e+01
6.355828194480178661e-02 3.300000000000000000e+01
6.396128194480177331e-02 8.000000000000000000e+00
6.456128194480176274e-02 1.300000000000000000e+01
6.519228194480175542e-02 6.000000000000000000e+00
6.525628194480176392e-02 2.500000000000000000e+01
6.593528194480180460e-02 2.900000000000000000e+01
6.605728194480176008e-02 1.600000000000000000e+01
6.608428194480175932e-02 4.000000000000000000e+00
6.658028194480175577e-02 2.200000000000000000e+01
6.664728194480179502e-02 2.000000000000000000e+00
6.670228194480176676e-02 1.100000000000000000e+01
6.677528194480175650e-02 1.900000000000000000e+01
6.688828194480178624e-02 0.000000000000000000e+00
6.697428194480176122e-02 3.400000000000000000e+01
6.846128194480177731e-02 9.000000000000000000e+00
6.880828194480176352e-02 1.400000000000000000e+01
6.900428194480179300e-02 2.600000000000000000e+01
6.956428194480179794e-02 3.000000000000000000e+01
6.986228194480176290e-02 7.000000000000000000e+00
7.021228194480177986e-02 1.700000000000000000e+01
7.047628194480176633e-02 3.500000000000000000e+01
7.049228194480178233e-02 2.300000000000000000e+01
7.082028194480177730e-02 2.000000000000000000e+01
7.092028194480176628e-02 5.000000000000000000e+00
7.113528194480178701e-02 1.200000000000000000e+01
7.164728194480179946e-02 3.000000000000000000e+00
7.204828194480178416e-02 1.000000000000000000e+00
7.284628194480180507e-02 2.700000000000000000e+01
7.307328194480178229e-02 1.000000000000000000e+01
7.316128194480175928e-02 1.500000000000000000e+01
7.328328194480177027e-02 3.100000000000000000e+01
7.406428194480180194e-02 3.600000000000000000e+01
7.447128194480179264e-02 1.800000000000000000e+01
7.450228194480179589e-02 2.400000000000000000e+01
7.464628194480177337e-02 8.000000000000000000e+00
7.496628194480176033e-02 2.100000000000000000e+01
7.567728194480177750e-02 1.300000000000000000e+01
7.587228194480177823e-02 6.000000000000000000e+00
7.676228194480178013e-02 4.000000000000000000e+00
7.678228194480180013e-02 2.800000000000000000e+01
7.709228194480177709e-02 3.200000000000000000e+01
7.732528194480176031e-02 2.000000000000000000e+00
7.756528194480177829e-02 0.000000000000000000e+00
7.762128194480177878e-02 1.600000000000000000e+01
7.773828194480175702e-02 3.700000000000000000e+01
7.779528194480178627e-02 1.100000000000000000e+01
7.860828194480179443e-02 2.500000000000000000e+01
7.883328194480176965e-02 1.900000000000000000e+01
7.921228194480178786e-02 2.200000000000000000e+01
7.954328194480175807e-02 9.000000000000000000e+00
8.032728194480176498e-02 1.400000000000000000e+01
8.081228194480177818e-02 2.900000000000000000e+01
8.093828194480179317e-02 7.000000000000000000e+00
8.099228194480179166e-02 3.300000000000000000e+01
8.149828194480179810e-02 3.800000000000000000e+01
8.199328194480176579e-02 5.000000000000000000e+00
8.218728194480179328e-02 1.700000000000000000e+01
8.262928194480179123e-02 1.200000000000000000e+01
8.271828194480179697e-02 3.000000000000000000e+00
8.281228194480177995e-02 2.600000000000000000e+01
8.311928194480178167e-02 1.000000000000000000e+00
8.329928194480179515e-02 2.000000000000000000e+01
8.355928194480177762e-02 2.300000000000000000e+01
8.455228194480179926e-02 1.000000000000000000e+01
8.493528194480176596e-02 3.000000000000000000e+01
8.498128194480175646e-02 3.400000000000000000e+01
8.508628194480177820e-02 1.500000000000000000e+01
8.534328194480178542e-02 3.900000000000000000e+01
8.611728194480178233e-02 8.000000000000000000e+00
8.685828194480177400e-02 1.800000000000000000e+01
8.711328194480177922e-02 2.700000000000000000e+01
8.733928194480178320e-02 6.000000000000000000e+00
8.757228194480176642e-02 1.300000000000000000e+01
8.786728194480175613e-02 2.100000000000000000e+01
8.800528194480178312e-02 2.400000000000000000e+01
8.822828194480175634e-02 4.000000000000000000e+00
8.879028194480176328e-02 2.000000000000000000e+00
8.903128194480175450e-02 0.000000000000000000e+00
8.906028194480175575e-02 3.500000000000000000e+01
8.915228194480179225e-02 3.100000000000000000e+01
8.927328194480177448e-02 4.000000000000000000e+01
8.967328194480178594e-02 1.100000000000000000e+01
8.995228194480175965e-02 1.600000000000000000e+01
9.141128194480180325e-02 9.000000000000000000e+00
9.151028194480176348e-02 2.800000000000000000e+01
9.163428194480177646e-02 1.900000000000000000e+01
9.253728194480176361e-02 2.200000000000000000e+01
9.255028194480180437e-02 2.500000000000000000e+01
9.262428194480176735e-02 1.400000000000000000e+01
9.280028194480177683e-02 7.000000000000000000e+00
9.322828194480176078e-02 3.600000000000000000e+01
9.328928194480179403e-02 4.100000000000000000e+01
9.346228194480177276e-02 3.200000000000000000e+01
9.385328194480180297e-02 5.000000000000000000e+00
9.457828194480177864e-02 3.000000000000000000e+00
9.490528194480180035e-02 1.200000000000000000e+01
9.492528194480176484e-02 1.700000000000000000e+01
9.497828194480179009e-02 1.000000000000000000e+00
9.600328194480178823e-02 2.900000000000000000e+01
9.651428194480177192e-02 2.000000000000000000e+01
9.681628194480179639e-02 1.000000000000000000e+01
9.719428194480178584e-02 2.600000000000000000e+01
9.730828194480178883e-02 2.300000000000000000e+01
9.739028194480175982e-02 4.200000000000000000e+01
9.748628194480180031e-02 3.700000000000000000e+01
9.778628194480176727e-02 1.500000000000000000e+01
9.786428194480178977e-02 3.300000000000000000e+01
9.837528194480177346e-02 8.000000000000000000e+00
9.959428194480179908e-02 6.000000000000000000e+00
1.000042819448017650e-01 1.800000000000000000e+01
1.002472819448017582e-01 1.300000000000000000e+01
1.004812819448017702e-01 4.000000000000000000e+00
1.005912819448017692e-01 3.000000000000000000e+01
1.010432819448017772e-01 2.000000000000000000e+00
1.012832819448017951e-01 0.000000000000000000e+00
1.014982819448017604e-01 2.100000000000000000e+01
1.015772819448017561e-01 4.300000000000000000e+01
1.018342819448017633e-01 3.800000000000000000e+01
1.019372819448017831e-01 2.700000000000000000e+01
1.021812819448018050e-01 2.400000000000000000e+01
1.023342819448017638e-01 1.100000000000000000e+01
1.023602819448017898e-01 3.400000000000000000e+01
1.030552819448017909e-01 1.600000000000000000e+01
1.040642819448017731e-01 9.000000000000000000e+00
1.051892819448017602e-01 1.900000000000000000e+01
1.052762819448017639e-01 3.100000000000000000e+01
1.054502819448017714e-01 7.000000000000000000e+00
1.057002819448017994e-01 1.400000000000000000e+01
1.058492819448017541e-01 4.400000000000000000e+01
1.062702819448017588e-01 3.900000000000000000e+01
1.065012819448017956e-01 5.000000000000000000e+00
1.065852819448017685e-01 2.200000000000000000e+01
1.067782819448017673e-01 2.800000000000000000e+01
1.069472819448017975e-01 3.500000000000000000e+01
1.071552819448017835e-01 2.500000000000000000e+01
1.072242819448017692e-01 3.000000000000000000e+00
1.076252819448017539e-01 1.000000000000000000e+00
1.079642819448017876e-01 1.200000000000000000e+01
1.084322819448017561e-01 1.700000000000000000e+01
1.098662819448018024e-01 1.000000000000000000e+01
1.100552819448017972e-01 3.200000000000000000e+01
1.102062819448017539e-01 4.500000000000000000e+01
1.104802819448018059e-01 2.000000000000000000e+01
1.107952819448017601e-01 4.000000000000000000e+01
1.112622819448017553e-01 1.500000000000000000e+01
1.114192819448017735e-01 8.000000000000000000e+00
1.116272819448017595e-01 3.600000000000000000e+01
1.117172819448017940e-01 2.900000000000000000e+01
1.117752819448017965e-01 2.300000000000000000e+01
1.122292819448018064e-01 2.600000000000000000e+01
1.126352819448017684e-01 6.000000000000000000e+00
1.135212819448017663e-01 4.000000000000000000e+00
1.137052819448017837e-01 1.300000000000000000e+01
1.139172819448017737e-01 1.800000000000000000e+01
1.140832819448017732e-01 2.000000000000000000e+00
1.143232819448017912e-01 0.000000000000000000e+00
1.146482819448017554e-01 4.600000000000000000e+01
1.149302819448017599e-01 3.300000000000000000e+01
1.154092819448017671e-01 4.100000000000000000e+01
1.157802819448017773e-01 1.100000000000000000e+01
1.158752819448017890e-01 2.100000000000000000e+01
1.163992819448017579e-01 3.700000000000000000e+01
1.167532819448017789e-01 3.000000000000000000e+01
1.169332819448017924e-01 1.600000000000000000e+01
1.170682819448017886e-01 2.400000000000000000e+01
1.174032819448017628e-01 2.700000000000000000e+01
1.175032819448017518e-01 9.000000000000000000e+00
1.188852819448018017e-01 7.000000000000000000e+00
1.191752819448017586e-01 4.700000000000000000e+01
1.195082819448017863e-01 1.900000000000000000e+01
1.195562819448017788e-01 1.400000000000000000e+01
1.198992819448017610e-01 3.400000000000000000e+01
1.199342819448017683e-01 5.000000000000000000e+00
1.201122819448017798e-01 4.200000000000000000e+01
1.206572819448017975e-01 3.000000000000000000e+00
1.210572819448017534e-01 1.000000000000000000e+00
1.212632819448017929e-01 3.800000000000000000e+01
1.213752819448017939e-01 2.200000000000000000e+01
1.218062819448017531e-01 1.200000000000000000e+01
1.218872819448018063e-01 3.100000000000000000e+01
1.224632819448017718e-01 2.500000000000000000e+01
1.226772819448017637e-01 2.800000000000000000e+01
1.227132819448017997e-01 1.700000000000000000e+01
1.237002819448017599e-01 1.000000000000000000e+01
1.237872819448017636e-01 4.800000000000000000e+01
1.249042819448017982e-01 4.300000000000000000e+01
1.249632819448017740e-01 3.500000000000000000e+01
1.252062819448017672e-01 2.000000000000000000e+01
1.252482819448017537e-01 8.000000000000000000e+00
1.255172819448017729e-01 1.500000000000000000e+01
1.262182819448017801e-01 3.900000000000000000e+01
1.264622819448018021e-01 6.000000000000000000e+00
1.269792819448017918e-01 2.300000000000000000e+01
1.271182819448017920e-01 3.200000000000000000e+01
1.273472819448017712e-01 4.000000000000000000e+00
1.279072819448017762e-01 2.000000000000000000e+00
1.279442819448017854e-01 1.300000000000000000e+01
1.279602819448018014e-01 2.600000000000000000e+01
1.280512819448017536e-01 2.900000000000000000e+01
1.281472819448017941e-01 0.000000000000000000e+00
1.284832819448017971e-01 4.900000000000000000e+01
1.286002819448017753e-01 1.800000000000000000e+01
1.297832819448017649e-01 4.400000000000000000e+01
1.300092819448017689e-01 1.100000000000000000e+01
1.301212819448017699e-01 3.600000000000000000e+01
1.310092819448017698e-01 2.100000000000000000e+01
1.312652819448018038e-01 4.000000000000000000e+01
1.315882819448017660e-01 1.600000000000000000e+01
1.317262819448017930e-01 9.000000000000000000e+00
1.324462819448017914e-01 3.300000000000000000e+01
1.326862819448017539e-01 2.400000000000000000e+01
1.331052819448017566e-01 7.000000000000000000e+00
1.332652819448018056e-01 5.000000000000000000e+01
1.335242819448017593e-01 3.000000000000000000e+01
1.335582819448017933e-01 2.700000000000000000e+01
1.341522819448017767e-01 5.000000000000000000e+00
1.341922819448017612e-01 1.400000000000000000e+01
1.345952819448018034e-01 1.900000000000000000e+01
1.347522819448017661e-01 4.500000000000000000e+01
1.348742819448017771e-01 3.000000000000000000e+00
1.352742819448017886e-01 1.000000000000000000e+00
1.353732819448018043e-01 3.700000000000000000e+01
1.364032819448017797e-01 4.100000000000000000e+01
1.364312819448017522e-01 1.200000000000000000e+01
1.369182819448017674e-01 2.200000000000000000e+01
1.377682819448017848e-01 1.700000000000000000e+01
1.378702819448017758e-01 3.400000000000000000e+01
1.381312819448017870e-01 5.100000000000000000e+01
1.383172819448018065e-01 1.000000000000000000e+01
1.384972819448017645e-01 2.500000000000000000e+01
1.390952819448017519e-01 3.100000000000000000e+01
1.392572819448018029e-01 2.800000000000000000e+01
1.398082819448017711e-01 4.600000000000000000e+01
1.398622819448017696e-01 8.000000000000000000e+00
1.405512819448017647e-01 1.500000000000000000e+01
1.406972819448017997e-01 2.000000000000000000e+01
1.407202819448017950e-01 3.800000000000000000e+01
1.410732819448017872e-01 6.000000000000000000e+00
1.416332819448017921e-01 4.200000000000000000e+01
1.419562819448017543e-01 4.000000000000000000e+00
1.425162819448017593e-01 2.000000000000000000e+00
1.427562819448017772e-01 0.000000000000000000e+00
1.429312819448017580e-01 2.300000000000000000e+01
1.429642819448017632e-01 1.300000000000000000e+01
1.430822819448017702e-01 5.200000000000000000e+01
1.433912819448017739e-01 3.500000000000000000e+01
1.440562819448018006e-01 1.800000000000000000e+01
1.444112819448017948e-01 2.600000000000000000e+01
1.447652819448017603e-01 3.200000000000000000e+01
1.449532819448017817e-01 4.700000000000000000e+01
1.450212819448017942e-01 1.100000000000000000e+01
1.450572819448017747e-01 2.900000000000000000e+01
1.461592819448017666e-01 3.900000000000000000e+01
1.467322819448017568e-01 9.000000000000000000e+00
1.469052819448017910e-01 2.100000000000000000e+01
1.469532819448017835e-01 4.300000000000000000e+01
1.470202819448017673e-01 1.600000000000000000e+01
1.481082819448018006e-01 7.000000000000000000e+00
1.481172819448017819e-01 5.300000000000000000e+01
1.490072819448017838e-01 3.600000000000000000e+01
1.490492819448017703e-01 2.400000000000000000e+01
1.491542819448017920e-01 5.000000000000000000e+00
1.496092819448017752e-01 1.400000000000000000e+01
1.498752819448017637e-01 3.000000000000000000e+00
1.501852819448017962e-01 4.800000000000000000e+01
1.502742819448018019e-01 1.000000000000000000e+00
1.504272819448017606e-01 2.700000000000000000e+01
1.504522819448017579e-01 1.900000000000000000e+01
1.505342819448017844e-01 3.300000000000000000e+01
1.509572819448017911e-01 3.000000000000000000e+01
1.516932819448018055e-01 4.000000000000000000e+01
1.518372819448017830e-01 1.200000000000000000e+01
1.523642819448017827e-01 4.400000000000000000e+01
1.532192819448017773e-01 2.200000000000000000e+01
1.532382819448017686e-01 5.400000000000000000e+01
1.535982819448017955e-01 1.700000000000000000e+01
1.537172819448017758e-01 1.000000000000000000e+01
1.547202819448017796e-01 3.700000000000000000e+01
1.552572819448017893e-01 8.000000000000000000e+00
1.552722819448017766e-01 2.500000000000000000e+01
1.555062819448017886e-01 4.900000000000000000e+01
1.563642819448017862e-01 1.500000000000000000e+01
1.564002819448017667e-01 3.400000000000000000e+01
1.564662819448017772e-01 6.000000000000000000e+00
1.565452819448017729e-01 2.800000000000000000e+01
1.569562819448017676e-01 2.000000000000000000e+01
1.569582819448017696e-01 3.100000000000000000e+01
1.573192819448017699e-01 4.100000000000000000e+01
1.573492819448017721e-01 4.000000000000000000e+00
1.578662819448017895e-01 4.500000000000000000e+01
1.579082819448017760e-01 2.000000000000000000e+00
1.581482819448017663e-01 0.000000000000000000e+00
1.584422819448017827e-01 5.500000000000000000e+01
1.587652819448017727e-01 1.300000000000000000e+01
1.596402819448017874e-01 2.300000000000000000e+01
1.602852819448017663e-01 1.800000000000000000e+01
1.605282819448017873e-01 3.800000000000000000e+01
1.608142819448017680e-01 1.100000000000000000e+01
1.609142819448017847e-01 5.000000000000000000e+01
1.615982819448017749e-01 2.600000000000000000e+01
1.623642819448017915e-01 3.500000000000000000e+01
1.625212819448017820e-01 9.000000000000000000e+00
1.627652819448017762e-01 2.900000000000000000e+01
1.630392819448017727e-01 4.200000000000000000e+01
1.630582819448017917e-01 3.200000000000000000e+01
1.632292819448017684e-01 1.600000000000000000e+01
1.634582819448017754e-01 4.600000000000000000e+01
1.635672819448017734e-01 2.100000000000000000e+01
1.637312819448017709e-01 5.600000000000000000e+01
1.638932819448017664e-01 7.000000000000000000e+00
1.649382819448017845e-01 5.000000000000000000e+00
1.656582819448017829e-01 3.000000000000000000e+00
1.658042819448017902e-01 1.400000000000000000e+01
1.660572819448017656e-01 1.000000000000000000e+00
1.661652819448017904e-01 2.400000000000000000e+01
1.664102819448017856e-01 5.100000000000000000e+01
1.664312819448017788e-01 3.900000000000000000e+01
1.670812819448017905e-01 1.900000000000000000e+01
1.680232819448017889e-01 1.200000000000000000e+01
1.680272819448017929e-01 2.700000000000000000e+01
1.684252819448017746e-01 3.600000000000000000e+01
1.688512819448017843e-01 4.300000000000000000e+01
1.690872819448017705e-01 3.000000000000000000e+01
1.691052819448017885e-01 5.700000000000000000e+01
1.691412819448017690e-01 4.700000000000000000e+01
1.692582819448017750e-01 3.300000000000000000e+01
1.698972819448017757e-01 1.000000000000000000e+01
1.702052819448017784e-01 1.700000000000000000e+01
1.702842819448017742e-01 2.200000000000000000e+01
1.714342819448017863e-01 8.000000000000000000e+00
1.719932819448017902e-01 5.200000000000000000e+01
1.724292819448017822e-01 4.000000000000000000e+01
1.726412819448017721e-01 6.000000000000000000e+00
1.727952819448017874e-01 2.500000000000000000e+01
1.729552819448017809e-01 1.500000000000000000e+01
1.735222819448017928e-01 4.000000000000000000e+00
1.739852819448017840e-01 2.000000000000000000e+01
1.740822819448017700e-01 2.000000000000000000e+00
1.743212819448017870e-01 0.000000000000000000e+00
1.745602819448017762e-01 2.800000000000000000e+01
1.745622819448017782e-01 5.800000000000000000e+01
1.745842819448017724e-01 3.700000000000000000e+01
1.747572819448017789e-01 4.400000000000000000e+01
1.749142819448017694e-01 4.800000000000000000e+01
1.753452819448017841e-01 1.300000000000000000e+01
1.755092819448017816e-01 3.100000000000000000e+01
1.755562819448017731e-01 3.400000000000000000e+01
1.771082819448017709e-01 2.300000000000000000e+01
1.772892819448017854e-01 1.800000000000000000e+01
1.773872819448017724e-01 1.100000000000000000e+01
1.776652819448017728e-01 5.300000000000000000e+01
1.785222819448017695e-01 4.100000000000000000e+01
1.790892819448017814e-01 9.000000000000000000e+00
1.795302819448017784e-01 2.600000000000000000e+01
1.801052819448017706e-01 5.900000000000000000e+01
1.802152819448017695e-01 1.600000000000000000e+01
1.804592819448017915e-01 7.000000000000000000e+00
1.807542819448017812e-01 4.500000000000000000e+01
1.807782819448017775e-01 4.900000000000000000e+01
1.808392819448017830e-01 3.800000000000000000e+01
1.809962819448017735e-01 2.100000000000000000e+01
1.811952819448017782e-01 2.900000000000000000e+01
1.815022819448017799e-01 5.000000000000000000e+00
1.819542819448017879e-01 3.500000000000000000e+01
1.820332819448017836e-01 3.200000000000000000e+01
1.822212819448017773e-01 3.000000000000000000e+00
1.826202819448017878e-01 1.000000000000000000e+00
1.827782819448017793e-01 1.400000000000000000e+01
1.834232819448017859e-01 5.400000000000000000e+01
1.840382819448017904e-01 2.400000000000000000e+01
1.844822819448017903e-01 1.900000000000000000e+01
1.847102819448017685e-01 4.200000000000000000e+01
1.849892819448017700e-01 1.200000000000000000e+01
1.857312819448017904e-01 6.000000000000000000e+01
1.863692819448017901e-01 2.700000000000000000e+01
1.867312819448017913e-01 5.000000000000000000e+01
1.868452819448017665e-01 4.600000000000000000e+01
1.868572819448017786e-01 1.000000000000000000e+01
1.871912819448017795e-01 3.900000000000000000e+01
1.875862819448017860e-01 1.700000000000000000e+01
1.879322819448017712e-01 3.000000000000000000e+01
1.881142819448017867e-01 2.200000000000000000e+01
1.883912819448017861e-01 8.000000000000000000e+00
1.884502819448017896e-01 3.600000000000000000e+01
1.886572819448017746e-01 3.300000000000000000e+01
1.892692819448017760e-01 5.500000000000000000e+01
1.895952819448017690e-01 6.000000000000000000e+00
1.903222819448017744e-01 1.500000000000000000e+01
1.904752819448017886e-01 4.000000000000000000e+00
1.909922819448017783e-01 4.300000000000000000e+01
1.910342819448017926e-01 2.000000000000000000e+00
1.910732819448017761e-01 2.500000000000000000e+01
1.912732819448017818e-01 0.000000000000000000e+00
1.914422819448017843e-01 6.100000000000000000e+01
1.917842819448017933e-01 2.000000000000000000e+01
1.927022819448017676e-01 1.300000000000000000e+01
1.927742819448017841e-01 5.100000000000000000e+01
1.930272819448017874e-01 4.700000000000000000e+01
1.933122819448017671e-01 2.800000000000000000e+01
1.936402819448017898e-01 4.000000000000000000e+01
1.947382819448017777e-01 1.100000000000000000e+01
1.947722819448017839e-01 3.100000000000000000e+01
1.950452819448017794e-01 3.700000000000000000e+01
1.950662819448017726e-01 1.800000000000000000e+01
1.952022819448017699e-01 5.600000000000000000e+01
1.953392819448017681e-01 2.300000000000000000e+01
1.953812819448017823e-01 3.400000000000000000e+01
1.964362819448017827e-01 9.000000000000000000e+00
1.972362819448017779e-01 6.200000000000000000e+01
1.973692819448017721e-01 4.400000000000000000e+01
1.978032819448017898e-01 7.000000000000000000e+00
1.979762819448017686e-01 1.600000000000000000e+01
1.982132819448017835e-01 2.600000000000000000e+01
1.988442819448017762e-01 5.000000000000000000e+00
1.989072819448017837e-01 5.200000000000000000e+01
1.991932819448017922e-01 2.100000000000000000e+01
1.993022819448017902e-01 4.800000000000000000e+01
1.995622819448017726e-01 3.000000000000000000e+00
1.999602819448017821e-01 1.000000000000000000e+00
2.001852819448017851e-01 4.100000000000000000e+01
2.003582819448017915e-01 2.900000000000000000e+01
2.005272819448017663e-01 1.400000000000000000e+01
2.012232819448017684e-01 5.700000000000000000e+01
2.017132819448017866e-01 3.200000000000000000e+01
2.017382819448017839e-01 3.800000000000000000e+01
2.022052819448017791e-01 3.500000000000000000e+01
2.026542819448017840e-01 1.900000000000000000e+01
2.026712819448017733e-01 2.400000000000000000e+01
2.027302819448017768e-01 1.200000000000000000e+01
2.031152819448017732e-01 6.300000000000000000e+01
2.038402819448017766e-01 4.500000000000000000e+01
2.045932819448017803e-01 1.000000000000000000e+01
2.051302819448017900e-01 5.300000000000000000e+01
2.054582819448017850e-01 2.700000000000000000e+01
2.056682819448017729e-01 4.900000000000000000e+01
2.057402819448017894e-01 1.700000000000000000e+01
2.061232819448017839e-01 8.000000000000000000e+00
2.067102819448017881e-01 2.200000000000000000e+01
2.068262819448017931e-01 4.200000000000000000e+01
2.073262819448017658e-01 6.000000000000000000e+00
2.073302819448017698e-01 5.800000000000000000e+01
2.075062819448017792e-01 3.000000000000000000e+01
2.082042819448017834e-01 4.000000000000000000e+00
2.084632819448017926e-01 1.500000000000000000e+01
2.085282819448017744e-01 3.900000000000000000e+01
2.087552819448017793e-01 3.300000000000000000e+01
2.087622819448017863e-01 2.000000000000000000e+00
2.090012819448017756e-01 0.000000000000000000e+00
2.090782819448017693e-01 6.400000000000000000e+01
2.091282819448017916e-01 3.600000000000000000e+01
2.101082819448017724e-01 2.500000000000000000e+01
2.103522819448017667e-01 2.000000000000000000e+01
2.104042819448017909e-01 4.600000000000000000e+01
2.108352819448017779e-01 1.300000000000000000e+01
2.114422819448017743e-01 5.400000000000000000e+01
2.121272819448017932e-01 5.000000000000000000e+01
2.128072819448017794e-01 2.800000000000000000e+01
2.128642819448017809e-01 1.100000000000000000e+01
2.135242819448017748e-01 5.900000000000000000e+01
2.135622819448017851e-01 4.300000000000000000e+01
2.136132819448017806e-01 1.800000000000000000e+01
2.143342819448017800e-01 2.300000000000000000e+01
2.145572819448017809e-01 9.000000000000000000e+00
2.147582819448017877e-01 3.100000000000000000e+01
2.151252819448017661e-01 6.500000000000000000e+01
2.154172819448017806e-01 4.000000000000000000e+01
2.158982819448017898e-01 3.400000000000000000e+01
2.159212819448017850e-01 7.000000000000000000e+00
2.161512819448017930e-01 3.700000000000000000e+01
2.165092819448017902e-01 1.600000000000000000e+01
2.169602819448017694e-01 5.000000000000000000e+00
2.170632819448017892e-01 4.700000000000000000e+01
2.176502819448017656e-01 2.600000000000000000e+01
2.176782819448017658e-01 3.000000000000000000e+00
2.178442819448017931e-01 5.500000000000000000e+01
2.180752819448017743e-01 1.000000000000000000e+00
2.181572819448017730e-01 2.100000000000000000e+01
2.186772819448017657e-01 5.100000000000000000e+01
2.190502819448017779e-01 1.400000000000000000e+01
2.198062819448017846e-01 6.000000000000000000e+01
2.202602819448017668e-01 2.900000000000000000e+01
2.203952819448017908e-01 4.400000000000000000e+01
2.212462819448017814e-01 1.200000000000000000e+01
2.212562819448017915e-01 6.600000000000000000e+01
2.215962819448017707e-01 1.900000000000000000e+01
2.220642819448017669e-01 2.400000000000000000e+01
2.221122819448017871e-01 3.200000000000000000e+01
2.224022819448017718e-01 4.100000000000000000e+01
2.231032819448017790e-01 1.000000000000000000e+01
2.231422819448017902e-01 3.500000000000000000e+01
2.232732819448017825e-01 3.800000000000000000e+01
2.238152819448017694e-01 4.800000000000000000e+01
2.243342819448017889e-01 5.600000000000000000e+01
2.246302819448017796e-01 8.000000000000000000e+00
2.246652819448017868e-01 1.700000000000000000e+01
2.252982819448017815e-01 2.700000000000000000e+01
2.253182819448017737e-01 5.200000000000000000e+01
2.258302819448017862e-01 6.000000000000000000e+00
2.260702819448017764e-01 2.200000000000000000e+01
2.261742819448017694e-01 6.100000000000000000e+01
2.267072819448017751e-01 4.000000000000000000e+00
2.272642819448017770e-01 2.000000000000000000e+00
2.273222819448017795e-01 4.500000000000000000e+01
2.273762819448017780e-01 1.500000000000000000e+01
2.274712819448017898e-01 6.700000000000000000e+01
2.275022819448017930e-01 0.000000000000000000e+00
2.278172819448017750e-01 3.000000000000000000e+01
2.294852819448017778e-01 4.200000000000000000e+01
2.295682819448017775e-01 3.300000000000000000e+01
2.296872819448017855e-01 2.000000000000000000e+01
2.297392819448017820e-01 1.300000000000000000e+01
2.299002819448017765e-01 2.500000000000000000e+01
2.304872819448017807e-01 3.600000000000000000e+01
2.304932819448017867e-01 3.900000000000000000e+01
2.306602819448017871e-01 4.900000000000000000e+01
2.309152819448017924e-01 5.700000000000000000e+01
2.317612819448017780e-01 1.100000000000000000e+01
2.320512819448017905e-01 5.300000000000000000e+01
2.326292819448017857e-01 6.200000000000000000e+01
2.329302819448017814e-01 1.800000000000000000e+01
2.330502819448017904e-01 2.800000000000000000e+01
2.334512819448017751e-01 9.000000000000000000e+00
2.337702819448017888e-01 6.800000000000000000e+01
2.340902819448017758e-01 2.300000000000000000e+01
2.343452819448017810e-01 4.600000000000000000e+01
2.348122819448017762e-01 7.000000000000000000e+00
2.354762819448017741e-01 3.100000000000000000e+01
2.358122819448017771e-01 1.600000000000000000e+01
2.358492819448017863e-01 5.000000000000000000e+00
2.365652819448017807e-01 3.000000000000000000e+00
2.366642819448017687e-01 4.300000000000000000e+01
2.369622819448017892e-01 1.000000000000000000e+00
2.371252819448017857e-01 3.400000000000000000e+01
2.375842819448017729e-01 5.800000000000000000e+01
2.375992819448017879e-01 5.000000000000000000e+01
2.378132819448017798e-01 4.000000000000000000e+01
2.378422819448017811e-01 2.600000000000000000e+01
2.378862819448017696e-01 2.100000000000000000e+01
2.379312819448017868e-01 3.700000000000000000e+01
2.383432819448017825e-01 1.400000000000000000e+01
2.388752819448017872e-01 5.400000000000000000e+01
2.391712819448017779e-01 6.300000000000000000e+01
2.401532819448017886e-01 6.900000000000000000e+01
2.405312819448017780e-01 1.200000000000000000e+01
2.409072819448017932e-01 2.900000000000000000e+01
2.413042819448017740e-01 1.900000000000000000e+01
2.414632819448017664e-01 4.700000000000000000e+01
2.422162819448017701e-01 2.400000000000000000e+01
2.423832819448017706e-01 1.000000000000000000e+01
2.432382819448017930e-01 3.200000000000000000e+01
2.439062819448017672e-01 8.000000000000000000e+00
2.439402819448017734e-01 4.400000000000000000e+01
2.443422819448017869e-01 5.900000000000000000e+01
2.443582819448017751e-01 1.700000000000000000e+01
2.446302819448017696e-01 5.100000000000000000e+01
2.447842819448017848e-01 3.500000000000000000e+01
2.451032819448017708e-01 6.000000000000000000e+00
2.452302819448017868e-01 4.100000000000000000e+01
2.454752819448017820e-01 3.800000000000000000e+01
2.457902819448017917e-01 5.500000000000000000e+01
2.457992819448017729e-01 6.400000000000000000e+01
2.458892819448017797e-01 2.700000000000000000e+01
2.459782819448017854e-01 4.000000000000000000e+00
2.461922819448017774e-01 2.200000000000000000e+01
2.465342819448017864e-01 2.000000000000000000e+00
2.466192819448017881e-01 7.000000000000000000e+01
2.467722819448017746e-01 0.000000000000000000e+00
2.470572819448017821e-01 1.500000000000000000e+01
2.486752819448017904e-01 4.800000000000000000e+01
2.488672819448017881e-01 3.000000000000000000e+01
2.494112819448017770e-01 1.300000000000000000e+01
2.497862819448017913e-01 2.000000000000000000e+01
2.504492819448017604e-01 2.500000000000000000e+01
2.511032819448018039e-01 3.300000000000000000e+01
2.511892819448017788e-01 6.000000000000000000e+01
2.513122819448018186e-01 4.500000000000000000e+01
2.514272819448017948e-01 1.100000000000000000e+01
2.517552819448017898e-01 5.200000000000000000e+01
2.525142819448017439e-01 6.500000000000000000e+01
2.525432819448018007e-01 3.600000000000000000e+01
2.527452819448017807e-01 4.200000000000000000e+01
2.527962819448017484e-01 5.600000000000000000e+01
2.530122819448017424e-01 1.800000000000000000e+01
2.531112819448018136e-01 9.000000000000000000e+00
2.531192819448017661e-01 3.900000000000000000e+01
2.531702819448017894e-01 7.100000000000000000e+01
2.540412819448018000e-01 2.800000000000000000e+01
2.544692819448017840e-01 7.000000000000000000e+00
2.546062819448017822e-01 2.300000000000000000e+01
2.555032819448017634e-01 5.000000000000000000e+00
2.558802819448017796e-01 1.600000000000000000e+01
2.559822819448017706e-01 4.900000000000000000e+01
2.562182819448017845e-01 3.000000000000000000e+00
2.566142819448017920e-01 1.000000000000000000e+00
2.569302819448017750e-01 3.100000000000000000e+01
2.581252819448017766e-01 6.100000000000000000e+01
2.583762819448017778e-01 2.100000000000000000e+01
2.584012819448017750e-01 1.400000000000000000e+01
2.587812819448017665e-01 4.600000000000000000e+01
2.587872819448017725e-01 2.600000000000000000e+01
2.589722819448018187e-01 5.300000000000000000e+01
2.590702819448017502e-01 3.400000000000000000e+01
2.593152819448018009e-01 6.600000000000000000e+01
2.598042819448017626e-01 7.200000000000000000e+01
2.598932819448017684e-01 5.700000000000000000e+01
2.603582819448018171e-01 4.300000000000000000e+01
2.604032819448017788e-01 3.700000000000000000e+01
2.605812819448017903e-01 1.200000000000000000e+01
2.608622819448017660e-01 4.000000000000000000e+01
2.617752819448018187e-01 1.900000000000000000e+01
2.622972819448017856e-01 2.900000000000000000e+01
2.624272819448018046e-01 1.000000000000000000e+01
2.631252819448017810e-01 2.400000000000000000e+01
2.633842819448017902e-01 5.000000000000000000e+01
2.639462819448017417e-01 8.000000000000000000e+00
2.648132819448018038e-01 1.700000000000000000e+01
2.650972819448017548e-01 3.200000000000000000e+01
2.651402819448017700e-01 6.000000000000000000e+00
2.651502819448017800e-01 6.200000000000000000e+01
2.660132819448017827e-01 4.000000000000000000e+00
2.662032819448018062e-01 6.700000000000000000e+01
2.662822819448017464e-01 5.400000000000000000e+01
2.663462819448018104e-01 4.700000000000000000e+01
2.665222819448017644e-01 7.300000000000000000e+01
2.665672819448017816e-01 2.000000000000000000e+00
2.668052819448017976e-01 0.000000000000000000e+00
2.670732819448017881e-01 2.200000000000000000e+01
2.670802819448017673e-01 5.800000000000000000e+01
2.671382819448017698e-01 3.500000000000000000e+01
2.672302819448018063e-01 2.700000000000000000e+01
2.675002819448017988e-01 1.500000000000000000e+01
2.680682819448018117e-01 4.400000000000000000e+01
2.683642819448017747e-01 3.800000000000000000e+01
2.687032819448017529e-01 4.100000000000000000e+01
2.698452819448017848e-01 1.300000000000000000e+01
2.706452819448017522e-01 2.000000000000000000e+01
2.706582819448017929e-01 3.000000000000000000e+01
2.708792819448018196e-01 5.100000000000000000e+01
2.717512819448018035e-01 2.500000000000000000e+01
2.718542819448017678e-01 1.100000000000000000e+01
2.722632819448017605e-01 6.300000000000000000e+01
2.731772819448017864e-01 6.800000000000000000e+01
2.733232819448017659e-01 7.400000000000000000e+01
2.733662819448017811e-01 3.300000000000000000e+01
2.735332819448017538e-01 9.000000000000000000e+00
2.736842819448017661e-01 5.500000000000000000e+01
2.738532819448017408e-01 1.800000000000000000e+01
2.740062819448018105e-01 4.800000000000000000e+01
2.743582819448017740e-01 5.900000000000000000e+01
2.748862819448018024e-01 7.000000000000000000e+00
2.753082819448017804e-01 3.600000000000000000e+01
2.757792819448017796e-01 2.800000000000000000e+01
2.758762819448017378e-01 4.500000000000000000e+01
2.758772819448017666e-01 2.300000000000000000e+01
2.759182819448017798e-01 5.000000000000000000e+00
2.764242819448017863e-01 3.900000000000000000e+01
2.766302819448017702e-01 3.000000000000000000e+00
2.766442819448017842e-01 4.200000000000000000e+01
2.767082819448017927e-01 1.600000000000000000e+01
2.770262819448017777e-01 1.000000000000000000e+00
2.784692819448018053e-01 5.200000000000000000e+01
2.791212819448017912e-01 3.100000000000000000e+01
2.792172819448017762e-01 1.400000000000000000e+01
2.794652819448018022e-01 6.400000000000000000e+01
2.796232819448017937e-01 2.100000000000000000e+01
2.802092819448017691e-01 7.500000000000000000e+01
2.802382819448017703e-01 6.900000000000000000e+01
2.804822819448017923e-01 2.600000000000000000e+01
2.811782819448017667e-01 5.600000000000000000e+01
2.813892819448017835e-01 1.200000000000000000e+01
2.817272819448017884e-01 6.000000000000000000e+01
2.817372819448017984e-01 3.400000000000000000e+01
2.817622819448017957e-01 4.900000000000000000e+01
2.830012819448017858e-01 1.900000000000000000e+01
2.832292819448017918e-01 1.000000000000000000e+01
2.835782819448017800e-01 3.700000000000000000e+01
2.837802819448017599e-01 4.600000000000000000e+01
2.844312819448017726e-01 2.900000000000000000e+01
2.845842819448017869e-01 4.000000000000000000e+01
2.846822819448017738e-01 4.300000000000000000e+01
2.847422819448017783e-01 8.000000000000000000e+00
2.847862819448017668e-01 2.400000000000000000e+01
2.859322819448018027e-01 6.000000000000000000e+00
2.860242819448017837e-01 1.700000000000000000e+01
2.861532819448017739e-01 5.300000000000000000e+01
2.867552819448017654e-01 6.500000000000000000e+01
2.868032819448017579e-01 4.000000000000000000e+00
2.871772819448017988e-01 7.600000000000000000e+01
2.873562819448017835e-01 2.000000000000000000e+00
2.873852819448017848e-01 7.000000000000000000e+01
2.875922819448017975e-01 0.000000000000000000e+00
2.876882819448017825e-01 3.200000000000000000e+01
2.886982819448017934e-01 1.500000000000000000e+01
2.887072819448017746e-01 2.200000000000000000e+01
2.887652819448017771e-01 5.700000000000000000e+01
2.891862819448017818e-01 6.100000000000000000e+01
2.893182819448018028e-01 2.700000000000000000e+01
2.896132819448017925e-01 5.000000000000000000e+01
2.902112819448017800e-01 3.500000000000000000e+01
2.910322819448017961e-01 1.300000000000000000e+01
2.917822819448017690e-01 4.700000000000000000e+01
2.919492819448017973e-01 3.800000000000000000e+01
2.922562819448017990e-01 2.000000000000000000e+01
2.928192819448017792e-01 4.400000000000000000e+01
2.928442819448017764e-01 4.100000000000000000e+01
2.930332819448017712e-01 1.100000000000000000e+01
2.931872819448017586e-01 3.000000000000000000e+01
2.938012819448017621e-01 2.500000000000000000e+01
2.939302819448017523e-01 5.400000000000000000e+01
2.941332819448017610e-01 6.600000000000000000e+01
2.942302819448017748e-01 7.700000000000000000e+01
2.946182819448017742e-01 7.100000000000000000e+01
2.947062819448017512e-01 9.000000000000000000e+00
2.954462819448017696e-01 1.800000000000000000e+01
2.960552819448017958e-01 7.000000000000000000e+00
2.963572819448017648e-01 3.300000000000000000e+01
2.964432819448017953e-01 5.800000000000000000e+01
2.967352819448018098e-01 6.200000000000000000e+01
2.970832819448017692e-01 5.000000000000000000e+00
2.975592819448017456e-01 5.100000000000000000e+01
2.977932819448018131e-01 3.000000000000000000e+00
2.978962819448017774e-01 2.300000000000000000e+01
2.981872819448017631e-01 1.000000000000000000e+00
2.982582819448017508e-01 2.800000000000000000e+01
2.982862819448017788e-01 1.600000000000000000e+01
2.987852819448018060e-01 3.600000000000000000e+01
2.998792819448017899e-01 4.800000000000000000e+01
3.004212819448017768e-01 3.900000000000000000e+01
3.007832819448017503e-01 1.400000000000000000e+01
3.010532819448017983e-01 4.500000000000000000e+01
3.012022819448018085e-01 4.200000000000000000e+01
3.013662819448017505e-01 7.800000000000000000e+01
3.016002819448017624e-01 6.700000000000000000e+01
3.016172819448017517e-01 2.100000000000000000e+01
3.018002819448017959e-01 5.500000000000000000e+01
3.019372819448017942e-01 7.200000000000000000e+01
3.020452819448017912e-01 3.100000000000000000e+01
3.029202819448018058e-01 2.600000000000000000e+01
3.029452819448017475e-01 1.200000000000000000e+01
3.042142819448017677e-01 5.900000000000000000e+01
3.043744819448017669e-01 6.300000000000000000e+01
3.047771819448017450e-01 1.000000000000000000e+01
3.049753819448017822e-01 1.900000000000000000e+01
3.051278819448017821e-01 3.400000000000000000e+01
3.056002819448017660e-01 5.200000000000000000e+01
3.062839819448017753e-01 8.000000000000000000e+00
3.071909819448017664e-01 2.400000000000000000e+01
3.073012819448017741e-01 2.900000000000000000e+01
3.074606819448018058e-01 3.700000000000000000e+01
3.074693819448017784e-01 6.000000000000000000e+00
3.079802819448017592e-01 1.700000000000000000e+01
3.080734819448017747e-01 4.900000000000000000e+01
3.083363819448017851e-01 4.000000000000000000e+00
3.085857819448017958e-01 7.900000000000000000e+01
3.088870819448018001e-01 2.000000000000000000e+00
3.089919819448017635e-01 4.000000000000000000e+01
3.091228819448017529e-01 0.000000000000000000e+00
3.091552819448017964e-01 6.800000000000000000e+01
3.093420819448017833e-01 7.300000000000000000e+01
3.093850819448017986e-01 4.600000000000000000e+01
3.096591819448017979e-01 4.300000000000000000e+01
3.097644819448017728e-01 5.600000000000000000e+01
3.106402819448017549e-01 1.500000000000000000e+01
3.110071819448018138e-01 3.200000000000000000e+01
3.110832819448017816e-01 2.200000000000000000e+01
3.120761819448018004e-01 6.000000000000000000e+01
3.121036819448017585e-01 6.400000000000000000e+01
3.121436819448017985e-01 2.700000000000000000e+01
3.129627819448017600e-01 1.300000000000000000e+01
3.137360819448017923e-01 5.300000000000000000e+01
3.140003819448017874e-01 3.500000000000000000e+01
3.146092819448017552e-01 2.000000000000000000e+01
3.149536819448017777e-01 1.100000000000000000e+01
3.158888819448018026e-01 8.000000000000000000e+01
3.162364819448018061e-01 3.800000000000000000e+01
3.163632819448017885e-01 5.000000000000000000e+01
3.164476819448017730e-01 3.000000000000000000e+01
3.165894819448017983e-01 2.500000000000000000e+01
3.166181819448017909e-01 9.000000000000000000e+00
3.167981819448018044e-01 6.900000000000000000e+01
3.168331819448018116e-01 7.400000000000000000e+01
3.176624819448017889e-01 4.100000000000000000e+01
3.177791819448018140e-01 1.800000000000000000e+01
3.178140819448017629e-01 4.700000000000000000e+01
3.178214819448017536e-01 5.700000000000000000e+01
3.179602819448017481e-01 7.000000000000000000e+00
3.182144819448017858e-01 4.400000000000000000e+01
3.189835819448018084e-01 5.000000000000000000e+00
3.196903819448017603e-01 3.000000000000000000e+00
3.199227819448017818e-01 6.500000000000000000e+01
3.200296819448017471e-01 6.100000000000000000e+01
3.200705819448017575e-01 3.300000000000000000e+01
3.200824819448017666e-01 1.000000000000000000e+00
3.206017819448017669e-01 1.600000000000000000e+01
3.206532819448018046e-01 2.300000000000000000e+01
3.214699819448018081e-01 2.800000000000000000e+01
3.219662819448018132e-01 5.400000000000000000e+01
3.229738819448018106e-01 3.600000000000000000e+01
3.230844819448017713e-01 1.400000000000000000e+01
3.232753819448017651e-01 8.100000000000000000e+01
3.243470819448017739e-01 2.100000000000000000e+01
3.244101819448017565e-01 7.500000000000000000e+01
3.245291819448017923e-01 7.000000000000000000e+01
3.247487819448017787e-01 5.100000000000000000e+01
3.251123819448017982e-01 3.900000000000000000e+01
3.252338819448017948e-01 1.200000000000000000e+01
3.256963819448017716e-01 3.100000000000000000e+01
3.259714819448017997e-01 5.800000000000000000e+01
3.260911819448018001e-01 2.600000000000000000e+01
3.263399819448017936e-01 4.800000000000000000e+01
3.264320819448017774e-01 4.200000000000000000e+01
3.268677819448017607e-01 4.500000000000000000e+01
3.270553819448017707e-01 1.000000000000000000e+01
3.276817819448017977e-01 1.900000000000000000e+01
3.278315819448017754e-01 6.600000000000000000e+01
3.280746819448017715e-01 6.200000000000000000e+01
3.285535819448017758e-01 8.000000000000000000e+00
3.292353819448017860e-01 3.400000000000000000e+01
3.297321819448018054e-01 6.000000000000000000e+00
3.302907819448017701e-01 5.500000000000000000e+01
3.303261819448017889e-01 2.400000000000000000e+01
3.305941819448017793e-01 4.000000000000000000e+00
3.306661819448017958e-01 1.700000000000000000e+01
3.307453819448017973e-01 8.200000000000000000e+01
3.308985819448017618e-01 2.900000000000000000e+01
3.311417819448017608e-01 2.000000000000000000e+00
3.313761819448017842e-01 0.000000000000000000e+00
3.320478819448017815e-01 3.700000000000000000e+01
3.320730819448017845e-01 7.600000000000000000e+01
3.323479819448017514e-01 7.100000000000000000e+01
3.332298819448017979e-01 5.200000000000000000e+01
3.333084819448017821e-01 1.500000000000000000e+01
3.340878819448017678e-01 4.000000000000000000e+01
3.341875819448018037e-01 2.200000000000000000e+01
3.342142819448017943e-01 5.900000000000000000e+01
3.349623819448017681e-01 4.900000000000000000e+01
3.350463819448017966e-01 3.200000000000000000e+01
3.353001819448017673e-01 4.300000000000000000e+01
3.356154819448017856e-01 1.300000000000000000e+01
3.356187819448017695e-01 4.600000000000000000e+01
3.356950819448017986e-01 2.700000000000000000e+01
3.358299819448017920e-01 6.700000000000000000e+01
3.362108819448017538e-01 6.300000000000000000e+01
3.375929819448018065e-01 1.100000000000000000e+01
3.376862819448017694e-01 2.000000000000000000e+01
3.382987819448017852e-01 8.300000000000000000e+01
3.385007819448017652e-01 3.500000000000000000e+01
3.387092819448017655e-01 5.600000000000000000e+01
3.392460819448017695e-01 9.000000000000000000e+00
3.398218819448017847e-01 7.700000000000000000e+01
3.401008819448018139e-01 2.500000000000000000e+01
3.402546819448017956e-01 7.200000000000000000e+01
3.404285819448018002e-01 3.000000000000000000e+01
3.405789819448017952e-01 7.000000000000000000e+00
3.408317819448017927e-01 1.800000000000000000e+01
3.412217819448017941e-01 3.800000000000000000e+01
3.415949819448017566e-01 5.000000000000000000e+00
3.418060819448017762e-01 5.300000000000000000e+01
3.422966819448017839e-01 3.000000000000000000e+00
3.425496819448017871e-01 6.000000000000000000e+01
3.426859819448017652e-01 1.000000000000000000e+00
3.431623819448017532e-01 4.100000000000000000e+01
3.436325819448017849e-01 1.600000000000000000e+01
3.436811819448017946e-01 5.000000000000000000e+01
3.439179819448017761e-01 6.800000000000000000e+01
3.441289819448017928e-01 2.300000000000000000e+01
3.442665819448017528e-01 4.400000000000000000e+01
3.444382819448017496e-01 6.400000000000000000e+01
3.444669819448017978e-01 4.700000000000000000e+01
3.444971819448017780e-01 3.300000000000000000e+01
3.453998819448017565e-01 2.800000000000000000e+01
3.459355819448017844e-01 8.400000000000000000e+01
3.460957819448017836e-01 1.400000000000000000e+01
3.472216819448017966e-01 5.700000000000000000e+01
3.476563819448017512e-01 7.800000000000000000e+01
3.477907819448017857e-01 2.100000000000000000e+01
3.478661819448017889e-01 3.600000000000000000e+01
3.482277819448017508e-01 1.200000000000000000e+01
3.482490819448017527e-01 7.300000000000000000e+01
3.499757819448017782e-01 2.600000000000000000e+01
3.500340819448017893e-01 1.000000000000000000e+01
3.500588819448017808e-01 3.100000000000000000e+01
3.504772819448017662e-01 5.400000000000000000e+01
3.504949819448017756e-01 3.900000000000000000e+01
3.509775819448017753e-01 6.100000000000000000e+01
3.510960819448017967e-01 1.900000000000000000e+01
3.515192819448017536e-01 8.000000000000000000e+00
3.520953819448017774e-01 6.900000000000000000e+01
3.523354819448017983e-01 4.200000000000000000e+01
3.524959819448018061e-01 5.100000000000000000e+01
3.526873819448017588e-01 6.000000000000000000e+00
3.527565819448017503e-01 6.500000000000000000e+01
3.533307819448017750e-01 4.500000000000000000e+01
3.534121819448017843e-01 4.800000000000000000e+01
3.535414819448017831e-01 4.000000000000000000e+00
3.536556819448017919e-01 8.500000000000000000e+01
3.540476819448017953e-01 3.400000000000000000e+01
3.540536819448018013e-01 1.700000000000000000e+01
3.540838819448017816e-01 2.000000000000000000e+00
3.541696819448018063e-01 2.400000000000000000e+01
3.543160819448017973e-01 0.000000000000000000e+00
3.552043819448017503e-01 2.900000000000000000e+01
3.555765819448017950e-01 7.900000000000000000e+01
3.558276819448017991e-01 5.800000000000000000e+01
3.563311819448017892e-01 7.400000000000000000e+01
3.566710819448017933e-01 1.500000000000000000e+01
3.573308819448017815e-01 3.700000000000000000e+01
3.579929819448017803e-01 2.200000000000000000e+01
3.589551819448018044e-01 1.300000000000000000e+01
3.592432819448017622e-01 5.500000000000000000e+01
3.594976819448018057e-01 6.200000000000000000e+01
3.597883819448017828e-01 3.200000000000000000e+01
3.598668819448017642e-01 4.000000000000000000e+01
3.599492819448018022e-01 2.700000000000000000e+01
3.603620819448017931e-01 7.000000000000000000e+01
3.609118819448017823e-01 1.100000000000000000e+01
3.611657819448017559e-01 6.600000000000000000e+01
3.614064819448017940e-01 5.200000000000000000e+01
3.614560819448017770e-01 2.000000000000000000e+01
3.616066819448017777e-01 4.300000000000000000e+01
3.624539819448017730e-01 4.900000000000000000e+01
3.624922819448017641e-01 4.600000000000000000e+01
3.625465819448017712e-01 9.000000000000000000e+00
3.635824819448018053e-01 8.000000000000000000e+01
3.636969819448017671e-01 3.500000000000000000e+01
3.638637819448017896e-01 7.000000000000000000e+00
3.643071819448017723e-01 2.500000000000000000e+01
3.645007819448017883e-01 7.500000000000000000e+01
3.645271819448017703e-01 5.900000000000000000e+01
3.645677819448017720e-01 1.800000000000000000e+01
3.648671819448017772e-01 5.000000000000000000e+00
3.651069819448017895e-01 3.000000000000000000e+01
3.655599819448017707e-01 3.000000000000000000e+00
3.659440819448017690e-01 1.000000000000000000e+00
3.668938819448017696e-01 3.800000000000000000e+01
3.673361819448017762e-01 1.600000000000000000e+01
3.681036819448018083e-01 5.600000000000000000e+01
3.681098819448017645e-01 6.300000000000000000e+01
3.682897819448017751e-01 2.300000000000000000e+01
3.687179819448017648e-01 7.100000000000000000e+01
3.693365819448017895e-01 4.100000000000000000e+01
3.696157819448017690e-01 3.300000000000000000e+01
3.696656819448017606e-01 6.700000000000000000e+01
3.697684819448017746e-01 1.400000000000000000e+01
3.700192819448017700e-01 2.800000000000000000e+01
3.704123819448017496e-01 5.300000000000000000e+01
3.709752819448017824e-01 4.400000000000000000e+01
3.715919819448018080e-01 5.000000000000000000e+01
3.716739819448017790e-01 8.100000000000000000e+01
3.717506819448017641e-01 4.700000000000000000e+01
3.718711819448017875e-01 1.200000000000000000e+01
3.719074819448017766e-01 2.100000000000000000e+01
3.727579819448018084e-01 7.600000000000000000e+01
3.733198819448017569e-01 6.000000000000000000e+01
3.734438819448017699e-01 3.600000000000000000e+01
3.736502819448017654e-01 1.000000000000000000e+01
3.745386819448017768e-01 2.600000000000000000e+01
3.751057819448017638e-01 3.100000000000000000e+01
3.751111819448017526e-01 8.000000000000000000e+00
3.751691819448017551e-01 1.900000000000000000e+01
3.762585819448017732e-01 6.000000000000000000e+00
3.765542819448017831e-01 3.900000000000000000e+01
3.768140819448017598e-01 6.400000000000000000e+01
3.770583819448017904e-01 5.700000000000000000e+01
3.770965819448017786e-01 4.000000000000000000e+00
3.771630819448018035e-01 7.200000000000000000e+01
3.776281819448017996e-01 2.000000000000000000e+00
3.778555819448017883e-01 0.000000000000000000e+00
3.780832819448017856e-01 1.700000000000000000e+01
3.782560819448017586e-01 6.800000000000000000e+01
3.786770819448017633e-01 2.400000000000000000e+01
3.789035819448017817e-01 4.200000000000000000e+01
3.795132819448017725e-01 5.400000000000000000e+01
3.795392819448017985e-01 3.400000000000000000e+01
3.798509819448017688e-01 8.200000000000000000e+01
3.801829819448017678e-01 2.900000000000000000e+01
3.804406819448017951e-01 4.500000000000000000e+01
3.806571819448018035e-01 1.500000000000000000e+01
3.808256819448017638e-01 5.100000000000000000e+01
3.811024819448017853e-01 7.700000000000000000e+01
3.811054819448017605e-01 4.800000000000000000e+01
3.822055819448018088e-01 6.100000000000000000e+01
3.824443819448017923e-01 2.200000000000000000e+01
3.828977819448017850e-01 1.300000000000000000e+01
3.832870819448017663e-01 3.700000000000000000e+01
3.848117819448017563e-01 1.100000000000000000e+01
3.848602819448017631e-01 2.700000000000000000e+01
3.851985819448017767e-01 3.200000000000000000e+01
3.856099819448017829e-01 6.500000000000000000e+01
3.856971819448017924e-01 7.300000000000000000e+01
3.858493819448017836e-01 2.000000000000000000e+01
3.861069819448017526e-01 5.800000000000000000e+01
3.863109819448017901e-01 4.000000000000000000e+01
3.864055819448017903e-01 9.000000000000000000e+00
3.869369819448017500e-01 6.900000000000000000e+01
3.876850819448017793e-01 7.000000000000000000e+00
3.881135819448017776e-01 8.300000000000000000e+01
3.885667819448017646e-01 4.300000000000000000e+01
3.886564819448017905e-01 5.000000000000000000e+00
3.887089819448018013e-01 5.500000000000000000e+01
3.888998819448017952e-01 1.800000000000000000e+01
3.891488819448017944e-01 2.500000000000000000e+01
3.893249819448018068e-01 3.000000000000000000e+00
3.895344819448017804e-01 7.800000000000000000e+01
3.895570819448017641e-01 3.500000000000000000e+01
3.896947819448017825e-01 1.000000000000000000e+00
3.900022819448017986e-01 4.600000000000000000e+01
3.901548819448018013e-01 5.200000000000000000e+01
3.904369819448017531e-01 3.000000000000000000e+01
3.905561819448017946e-01 4.900000000000000000e+01
3.911841819448017565e-01 6.200000000000000000e+01
3.916026819448018004e-01 1.600000000000000000e+01
3.930576819448017845e-01 2.300000000000000000e+01
3.932248819448017629e-01 3.800000000000000000e+01
3.939639819448017555e-01 1.400000000000000000e+01
3.943201219448017603e-01 7.400000000000000000e+01
3.944975819448017784e-01 6.600000000000000000e+01
3.952493119448017844e-01 5.900000000000000000e+01
3.952664219448017713e-01 2.800000000000000000e+01
3.953822419448017600e-01 3.300000000000000000e+01
3.957082619448017979e-01 7.000000000000000000e+01
3.959898619448017909e-01 1.200000000000000000e+01
3.961628519448017749e-01 4.100000000000000000e+01
3.964615919448017944e-01 8.400000000000000000e+01
3.965936219448017996e-01 2.100000000000000000e+01
3.976862219448017988e-01 1.000000000000000000e+01
3.979991319448017983e-01 5.600000000000000000e+01
3.980536319448017557e-01 7.900000000000000000e+01
3.983253719448017760e-01 4.400000000000000000e+01
3.990597519448017549e-01 8.000000000000000000e+00
3.995789719448017974e-01 5.300000000000000000e+01
3.996592919448017645e-01 4.700000000000000000e+01
3.996666819448017605e-01 3.600000000000000000e+01
3.996960919448017679e-01 2.600000000000000000e+01
3.997614419448017875e-01 1.900000000000000000e+01
4.001020619448018012e-01 5.000000000000000000e+01
4.001187719448017766e-01 6.000000000000000000e+00
4.002553119448017949e-01 6.300000000000000000e+01
4.007762419448017699e-01 3.100000000000000000e+01
4.008745319448017708e-01 4.000000000000000000e+00
4.013421619448017674e-01 2.000000000000000000e+00
4.015383119448017735e-01 0.000000000000000000e+00
4.025624819448017644e-01 1.700000000000000000e+01
4.030319019448017626e-01 7.500000000000000000e+01
4.032554979448017551e-01 3.900000000000000000e+01
4.034765759448017963e-01 6.700000000000000000e+01
4.037312749448017657e-01 2.400000000000000000e+01
