3.270617162343114614e-04 1.885335620867741682e+03
6.541234324686229229e-04 1.909428733671822101e+03
9.811851195991039276e-04 1.933654868175813363e+03
1.308246864937245846e-03 1.958012741133066584e+03
1.635308610275387764e-03 1.982500747490503727e+03
1.962370239198207855e-03 2.007117525942323709e+03
2.289432100951671600e-03 2.031861477138645341e+03
2.616493729874491692e-03 2.056731152601036229e+03
2.943555358797311783e-03 2.081724920386016493e+03
3.270617220550775528e-03 2.106841327176471623e+03
3.597678849473595619e-03 2.132078577736570423e+03
3.924740478396415710e-03 2.157435195520632988e+03
4.251802340149879456e-03 2.182909509776945924e+03
4.578864201903343201e-03 2.208499936331057597e+03
4.905925597995519638e-03 2.234204546165077772e+03
5.232987459748983383e-03 2.260021944146532860e+03
5.560049321502447128e-03 2.285950215461372409e+03
5.887110717594623566e-03 2.311987704358086376e+03
6.214172579348087311e-03 2.338132582629429635e+03
6.541234441101551056e-03 2.364383200273751299e+03
6.868295837193727493e-03 2.390737578872006452e+03
7.195357698947191238e-03 2.417194110557455588e+03
7.522419560700654984e-03 2.443750825494149012e+03
7.849480956792831421e-03 2.470405963342626364e+03
8.176542818546295166e-03 2.497157656531567682e+03
8.503604680299758911e-03 2.524004001481672276e+03
8.830666542053222656e-03 2.550943188463441857e+03
9.157728403806686401e-03 2.577973289008323263e+03
9.484789334237575531e-03 2.605092397173789323e+03
9.811851195991039276e-03 2.632298563289387403e+03
1.013891305774450302e-02 2.659590014110351149e+03
1.046597491949796677e-02 2.686964647128248089e+03
1.079303678125143051e-02 2.714420651944042220e+03
1.112009864300489426e-02 2.741955938962001255e+03
1.144716050475835800e-02 2.769568717175358415e+03
1.177422143518924713e-02 2.797256757637322607e+03
1.210128329694271088e-02 2.825018497816278796e+03
1.242834515869617462e-02 2.852851566739559530e+03
1.275540702044963837e-02 2.880754346060229636e+03
1.308246888220310211e-02 2.908724490405686083e+03
1.340953074395656586e-02 2.936760338133104142e+03
1.373659167438745499e-02 2.964859493635316085e+03
1.406365353614091873e-02 2.993020436263749161e+03
1.439071539789438248e-02 3.021240866230639313e+03
1.471777725964784622e-02 3.049518954974764711e+03
1.504483912140130997e-02 3.077852516261366418e+03
1.537190098315477371e-02 3.106239764504282448e+03
1.569896191358566284e-02 3.134678517851437391e+03
1.602602377533912659e-02 3.163166902989067239e+03
1.635308563709259033e-02 3.191702898243947857e+03
1.668014749884605408e-02 3.220284488073813463e+03
1.700720936059951782e-02 3.248909723685835161e+03
1.733427122235298157e-02 3.277576611615954334e+03
1.766133308410644531e-02 3.306283165841168739e+03
1.798839494585990906e-02 3.335027421350660916e+03
1.831545680761337280e-02 3.363807390041517010e+03
1.864251866936683655e-02 3.392621143270933771e+03
1.896957866847515106e-02 3.421466645464020530e+03
1.929664053022861481e-02 3.450341942762923736e+03
1.962370239198207855e-02 3.479245480985445738e+03
1.995076425373554230e-02 3.508174757211185806e+03
2.027782611548900604e-02 3.537128387579367427e+03
2.060488797724246979e-02 3.566103931226081386e+03
2.093194983899593353e-02 3.595100056580409728e+03
2.125901170074939728e-02 3.624114309479506119e+03
2.158607356250286102e-02 3.653145352362431822e+03
2.191313542425632477e-02 3.682190767928014793e+03
2.224019728600978851e-02 3.711249299021713341e+03
2.256725914776325226e-02 3.740318481544000861e+03
2.289432100951671600e-02 3.769397113777600225e+03
2.322138100862503052e-02 3.798482706107848117e+03
2.354844287037849426e-02 3.827574064877642286e+03
2.387550473213195801e-02 3.856669152324186598e+03
2.420256659388542175e-02 3.885766251039030976e+03
2.452962845563888550e-02 3.914863574276010695e+03
2.485669031739234924e-02 3.943959428939610007e+03
2.518375217914581299e-02 3.973052002623035605e+03
2.551081404089927673e-02 4.002139668770037588e+03
2.583787590265274048e-02 4.031220744363571157e+03
2.616493776440620422e-02 4.060293514436133592e+03
2.649199962615966797e-02 4.089356387926892694e+03
2.681906148791313171e-02 4.118407699394438168e+03
2.714612334966659546e-02 4.147445808653316817e+03
2.747318334877490997e-02 4.176468947150856366e+03
2.780024521052837372e-02 4.205476166325042868e+03
2.812730707228183746e-02 4.234465075749531024e+03
2.845436893403530121e-02 4.263434963399949993e+03
2.878143079578876495e-02 4.292383561850391743e+03
2.910849265754222870e-02 4.321310048252853449e+03
2.943555451929569244e-02 4.350212259281282968e+03
2.976261638104915619e-02 4.379089480379044289e+03
3.008967824280261993e-02 4.407939509838241975e+03
3.041674010455608368e-02 4.436761739548524929e+03
3.074380196630954742e-02 4.465553947984607476e+03
3.107086382806301117e-02 4.494315639658733744e+03
3.139792382717132568e-02 4.523044507974785120e+03
3.172498568892478943e-02 4.551740044571441103e+03
3.205204755067825317e-02 4.580400588107467229e+03
3.237910941243171692e-02 4.609024924129704232e+03
3.270617127418518066e-02 4.637611835803137183e+03
3.303323313593864441e-02 4.666160042576342676e+03
3.336029499769210815e-02 4.694668314265597473e+03
3.368735685944557190e-02 4.723135445110344335e+03
3.401441872119903564e-02 4.751560340158525833e+03
3.434148058295249939e-02 4.779941866229494735e+03
3.466854244470596313e-02 4.808278803306011469e+03
3.499560430645942688e-02 4.836570126283626450e+03
3.532266616821289062e-02 4.864814763491337544e+03
3.564972802996635437e-02 4.893011663914523524e+03
3.597678989171981812e-02 4.921159775679421728e+03
3.630385175347328186e-02 4.949258091465824691e+03
3.663091361522674561e-02 4.977305721345911479e+03
3.695797547698020935e-02 5.005301612034134450e+03
3.728503733873367310e-02 5.033244816232874655e+03
3.761209920048713684e-02 5.061134487282158261e+03
3.793915733695030212e-02 5.088969416810820803e+03
3.826621919870376587e-02 5.116749351257584749e+03
3.859328106045722961e-02 5.144473108860945104e+03
3.892034292221069336e-02 5.172139957142544517e+03
3.924740478396415710e-02 5.199749008437300290e+03
3.957446664571762085e-02 5.227299531074212609e+03
3.990152850747108459e-02 5.254790783218791148e+03
4.022859036922454834e-02 5.282222026995054875e+03
4.055565223097801208e-02 5.309592560998887166e+03
4.088271409273147583e-02 5.336901682499207709e+03
4.120977595448493958e-02 5.364148761593259223e+03
4.153683781623840332e-02 5.391333157454675529e+03
4.186389967799186707e-02 5.418454281759490186e+03
4.219096153974533081e-02 5.445511402149238165e+03
4.251802340149879456e-02 5.472504138564699133e+03
4.284508526325225830e-02 5.499431772563892082e+03
4.317214712500572205e-02 5.526293953692736977e+03
4.349920898675918579e-02 5.553089969008025037e+03
4.382627084851264954e-02 5.579819452991198887e+03
4.415333271026611328e-02 5.606481975301114289e+03
4.448039457201957703e-02 5.633077016839461976e+03
4.480745643377304077e-02 5.659604140091590125e+03
4.513451829552650452e-02 5.686062972066972179e+03
4.546158015727996826e-02 5.712453083171894832e+03
4.578864201903343201e-02 5.738774213752921241e+03
4.611570015549659729e-02 5.765025563538110873e+03
4.644276201725006104e-02 5.791207567737508725e+03
4.676982387900352478e-02 5.817319503322552009e+03
4.709688574075698853e-02 5.843361111360426548e+03
4.742394760251045227e-02 5.869332070947272769e+03
4.775100946426391602e-02 5.895232251672872735e+03
4.807807132601737976e-02 5.921061300584263336e+03
4.840513318777084351e-02 5.946819034449024002e+03
4.873219504952430725e-02 5.972505262219003271e+03
4.905925691127777100e-02 5.998119816805990013e+03
4.938631877303123474e-02 6.023662534832167694e+03
4.971338063478469849e-02 6.049133193893236239e+03
5.004044249653816223e-02 6.074531720938804028e+03
5.036750435829162598e-02 6.099858012141408835e+03
5.069456622004508972e-02 6.125111968124829218e+03
5.102162808179855347e-02 6.150293408238163465e+03
5.134868994355201721e-02 6.175402333105966136e+03
5.167575180530548096e-02 6.200438740443472852e+03
5.200281366705894470e-02 6.225402492794433783e+03
5.232987552881240845e-02 6.250293614041089313e+03
5.265693739056587219e-02 6.275111995201381433e+03
5.298399925231933594e-02 6.299857860201634139e+03
5.331106111407279968e-02 6.324531027660004838e+03
5.363812297582626343e-02 6.349131585899959646e+03
5.396518483757972717e-02 6.373659510844135184e+03
5.429224669933319092e-02 6.398115058667418452e+03
5.461930483579635620e-02 6.422497788734236565e+03
5.494636669754981995e-02 6.446808437895248062e+03
5.527342855930328369e-02 6.471046838273909998e+03
5.560049042105674744e-02 6.495213042217591465e+03
5.592755228281021118e-02 6.519307163483435943e+03
5.625461414456367493e-02 6.543329334187715176e+03
5.658167600631713867e-02 6.567279749427954812e+03
5.690873786807060242e-02 6.591158510552132611e+03
5.723579972982406616e-02 6.614965755266664019e+03
5.756286159157752991e-02 6.638701589885205976e+03
5.788992345333099365e-02 6.662366413158593787e+03
5.821698531508445740e-02 6.685960215241529113e+03
5.854404717683792114e-02 6.709483187030315094e+03
5.887110903859138489e-02 6.732935516204640408e+03
5.919817090034484863e-02 6.756317693777375098e+03
5.952523276209831238e-02 6.779629636084811864e+03
5.985229462385177612e-02 6.802871579016898977e+03
6.017935648560523987e-02 6.826043885226160455e+03
6.050641834735870361e-02 6.849146810255280798e+03
6.083348020911216736e-02 6.872180614431973481e+03
6.116054207086563110e-02 6.895145342015954157e+03
6.148760393261909485e-02 6.918041457525062469e+03
6.181466579437255859e-02 6.940869258206518680e+03
6.214172765612602234e-02 6.963628927300785108e+03
6.246878951787948608e-02 6.986320693874978133e+03
6.279584765434265137e-02 7.008944769209162587e+03
6.312291324138641357e-02 7.031502026023696999e+03
6.344997137784957886e-02 7.053991935807850496e+03
6.377703696489334106e-02 7.076415687009519388e+03
6.410409510135650635e-02 7.098772586830602449e+03
6.443116068840026855e-02 7.121063991228309533e+03
6.475821882486343384e-02 7.143289258773756956e+03
6.508528441190719604e-02 7.165449668726484560e+03
6.541234254837036133e-02 7.187544523819774440e+03
6.573940813541412354e-02 7.209575199110937319e+03
6.606646627187728882e-02 7.231540977728775033e+03
6.639353185892105103e-02 7.253443252317957558e+03
6.672058999538421631e-02 7.275281462089445085e+03
6.704764813184738159e-02 7.297056200343611636e+03
6.737471371889114380e-02 7.318768524117526795e+03
6.770177185535430908e-02 7.340417779416727171e+03
6.802883744239807129e-02 7.362005135017180692e+03
6.835589557886123657e-02 7.383530218535919630e+03
6.868296116590499878e-02 7.404994172965500184e+03
6.901001930236816406e-02 7.426396468237021509e+03
6.933708488941192627e-02 7.447738414272103000e+03
6.966414302587509155e-02 7.469019413608006289e+03
6.999120861291885376e-02 7.490240779941504115e+03
7.031826674938201904e-02 7.511401974244386111e+03
7.064533233642578125e-02 7.532504265730881343e+03
7.097239047288894653e-02 7.553547120910801823e+03
7.129945605993270874e-02 7.574531813647848139e+03
7.162651419639587402e-02 7.595457790750862841e+03
7.195357978343963623e-02 7.616326328945943715e+03
7.228063791990280151e-02 7.637136974677723629e+03
7.260770350694656372e-02 7.657890903889236142e+03
7.293476164340972900e-02 7.678587634111551779e+03
7.326182723045349121e-02 7.699228429777514975e+03
7.358888536691665649e-02 7.719812821084594361e+03
7.391595095396041870e-02 7.740341995206650608e+03
7.424300909042358398e-02 7.760815482699651511e+03
7.457007467746734619e-02 7.781234514815201692e+03
7.489713281393051147e-02 7.801598622056466411e+03
7.522419840097427368e-02 7.821909057994233990e+03
7.555125653743743896e-02 7.842165224228517218e+03
7.587831467390060425e-02 7.862368045838730723e+03
7.620538026094436646e-02 7.882518281283352735e+03
7.653243839740753174e-02 7.902615361910298816e+03
7.685950398445129395e-02 7.922660665507034537e+03
7.718656212091445923e-02 7.942653619653273381e+03
7.751362770795822144e-02 7.962595427353536252e+03
7.784068584442138672e-02 7.982485591507816025e+03
7.816775143146514893e-02 8.002325461278499461e+03
7.849480956792831421e-02 8.022114339010528056e+03
7.882187515497207642e-02 8.041853567328567806e+03
7.914893329143524170e-02 8.061542697214158579e+03
7.947599887847900391e-02 8.081182821177491860e+03
7.980305701494216919e-02 8.100773446863024219e+03
8.013012260198593140e-02 8.120315851020856826e+03
8.045718073844909668e-02 8.139809524023918129e+03
8.078424632549285889e-02 8.159255645674338666e+03
8.111130446195602417e-02 8.178653706654177768e+03
8.143837004899978638e-02 8.198004959064594004e+03
8.176542818546295166e-02 8.217308798044263312e+03
8.209249377250671387e-02 8.236566494351083747e+03
8.241955190896987915e-02 8.255777553351679671e+03
8.274661749601364136e-02 8.274943146807694575e+03
8.307367563247680664e-02 8.294062686716955795e+03
8.340074121952056885e-02 8.313137422278430677e+03
8.372779935598373413e-02 8.332166816563714747e+03
8.405485749244689941e-02 8.351151611477460392e+03
8.438192307949066162e-02 8.370092630587390886e+03
8.470898121595382690e-02 8.388989269375226286e+03
8.503604680299758911e-02 8.407842777627236501e+03
8.536310493946075439e-02 8.426652527869870028e+03
8.569017052650451660e-02 8.445419719831153998e+03
8.601722866296768188e-02 8.464143909365162472e+03
8.634429425001144409e-02 8.482826108737122922e+03
8.667135238647460938e-02 8.501465947606238842e+03
8.699841797351837158e-02 8.520064438221677847e+03
8.732547610998153687e-02 8.538621109934985725e+03
8.765254169702529907e-02 8.557137068226595147e+03
8.797959983348846436e-02 8.575611827673086736e+03
8.830666542053222656e-02 8.594046464136397844e+03
8.863372355699539185e-02 8.612440437223682238e+03
8.896078914403915405e-02 8.630794952822490814e+03
8.928784728050231934e-02 8.649109423821299060e+03
8.961491286754608154e-02 8.667384995339878515e+03
8.994197100400924683e-02 8.685621074148551997e+03
9.026903659105300903e-02 8.703818746973121961e+03
9.059609472751617432e-02 8.721977595296228174e+03
9.092316031455993652e-02 8.740098571053451451e+03
9.125021845102310181e-02 8.758181209076392406e+03
9.157728403806686401e-02 8.776226584797523174e+03
9.190434217453002930e-02 8.794234169782785102e+03
9.223140031099319458e-02 8.812204594502793043e+03
9.255846589803695679e-02 8.830138606513004561e+03
9.288552403450012207e-02 8.848035641534448587e+03
9.321258962154388428e-02 8.865896666374264896e+03
9.353964775800704956e-02 8.883721220734698363e+03
9.386671334505081177e-02 8.901510333446505683e+03
9.419377148151397705e-02 8.919263522561779610e+03
9.452083706855773926e-02 8.936981725593759620e+03
9.484789520502090454e-02 8.954664504396498160e+03
9.517496079206466675e-02 8.972312825083819916e+03
9.550201892852783203e-02 8.989926185687409088e+03
9.582908451557159424e-02 9.007505567258745941e+03
9.615614265203475952e-02 9.025050432467389328e+03
9.648320823907852173e-02 9.042561814226419301e+03
9.681026637554168701e-02 9.060039198362579555e+03
9.713733196258544922e-02 9.077483554656302658e+03
9.746439009904861450e-02 9.094894371714077351e+03
9.779145568609237671e-02 9.112272559913362784e+03
9.811851382255554199e-02 9.129617633035815743e+03
9.844557940959930420e-02 9.146930655973825196e+03
9.877263754606246948e-02 9.164210985086116125e+03
9.909970313310623169e-02 9.181459570896495279e+03
9.942676126956939697e-02 9.198675978781418962e+03
9.975382685661315918e-02 9.215861078614532744e+03
1.000808849930763245e-01 9.233014374515596501e+03
1.004079505801200867e-01 9.250136819478399048e+03
1.007350087165832520e-01 9.267227906365120361e+03
1.010620668530464172e-01 9.284288185754105143e+03
1.013891324400901794e-01 9.301318199432074834e+03
1.017161905765533447e-01 9.318317412420128676e+03
1.020432561635971069e-01 9.335286905798191583e+03
1.023703143000602722e-01 9.352225865669215636e+03
1.026973798871040344e-01 9.369135404319033114e+03
1.030244380235671997e-01 9.386014980558085881e+03
1.033515036106109619e-01 9.402865442933516533e+03
1.036785617470741272e-01 9.419686344264742729e+03
1.040056273341178894e-01 9.436478469408011733e+03
1.043326854705810547e-01 9.453241423758634483e+03
1.046597510576248169e-01 9.469975997525396451e+03
1.049868091940879822e-01 9.486681653949586689e+03
1.053138747811317444e-01 9.503359413433166992e+03
1.056409329175949097e-01 9.520008551782482755e+03
1.059679985046386719e-01 9.536630113150224133e+03
1.062950566411018372e-01 9.553223505468429721e+03
1.066221222281455994e-01 9.569789597293640327e+03
1.069491803646087646e-01 9.586327863867869382e+03
1.072762459516525269e-01 9.602839166337345887e+03
1.076033040881156921e-01 9.619322936272186780e+03
1.079303696751594543e-01 9.635780151896164170e+03
1.082574278116226196e-01 9.652210101407405091e+03
1.085844933986663818e-01 9.668613862433636314e+03
1.089115515351295471e-01 9.684990665492010521e+03
1.092386096715927124e-01 9.701341146603514062e+03
1.095656752586364746e-01 9.717665826320620909e+03
1.098927333950996399e-01 9.733964083919883706e+03
1.102197989821434021e-01 9.750236828211845932e+03
1.105468571186065674e-01 9.766483524947081605e+03
1.108739227056503296e-01 9.782704942786322135e+03
1.112009808421134949e-01 9.798900626447235481e+03
1.115280464291572571e-01 9.815071346550310409e+03
1.118551045656204224e-01 9.831216612998356140e+03
1.121821701526641846e-01 9.847337166790102856e+03
1.125092282891273499e-01 9.863432548482011043e+03
1.128362938761711121e-01 9.879503519878917359e+03
1.131633520126342773e-01 9.895549641825577055e+03
1.134904175996780396e-01 9.911571683415357256e+03
1.138174757361412048e-01 9.927568979850084361e+03
1.141445413231849670e-01 9.943542565762270897e+03
1.144715994596481323e-01 9.959491712714874666e+03
1.147986650466918945e-01 9.975417296688579881e+03
1.151257231831550598e-01 9.991318783642087510e+03
1.154527887701988220e-01 1.000719693359488156e+04
1.157798469066619873e-01 1.002305129744764963e+04
1.161069124937057495e-01 1.003888262077311083e+04
1.164339706301689148e-01 1.005469032753967076e+04
1.167610362172126770e-01 1.007047522535271310e+04
1.170880943536758423e-01 1.008623681193032280e+04
1.174151524901390076e-01 1.010197543043058613e+04
1.177422180771827698e-01 1.011769171696657031e+04
1.180692762136459351e-01 1.013338496212088103e+04
1.183963418006896973e-01 1.014905606457717295e+04
1.187233999371528625e-01 1.016470436888630502e+04
1.190504655241966248e-01 1.018033073235110351e+04
1.193775236606597900e-01 1.019593463672680627e+04
1.197045892477035522e-01 1.021151673902452967e+04
1.200316473841667175e-01 1.022707660200962164e+04
1.203587129712104797e-01 1.024261496619007812e+04
1.206857711076736450e-01 1.025813130411526981e+04
1.210128366947174072e-01 1.027362626472836564e+04
1.213398948311805725e-01 1.028909950861312791e+04
1.216669604182243347e-01 1.030455157402149962e+04
1.219940185546875000e-01 1.031998211305768564e+04
1.223210841417312622e-01 1.033539172249073090e+04
1.226481422781944275e-01 1.035077994728381418e+04
1.229752078652381897e-01 1.036614755746593801e+04
1.233022660017013550e-01 1.038149398662713247e+04
1.236293315887451172e-01 1.039681988418797846e+04
1.239563897252082825e-01 1.041212485845353513e+04
1.242834553122520447e-01 1.042740961497350145e+04
1.246105134487152100e-01 1.044267354574228375e+04
1.249375790357589722e-01 1.045791741608108714e+04
1.252646446228027344e-01 1.047314104146709724e+04
1.255916953086853027e-01 1.048834383700333638e+04
1.259187608957290649e-01 1.050352719214025456e+04
1.262458264827728271e-01 1.051869057549686113e+04
1.265728771686553955e-01 1.053383348308273344e+04
1.268999427556991577e-01 1.054895722836685854e+04
1.272270083427429199e-01 1.056406125752915250e+04
1.275540739297866821e-01 1.057914565959348147e+04
1.278811246156692505e-01 1.059420994093953414e+04
1.282081902027130127e-01 1.060925542939770094e+04
1.285352557897567749e-01 1.062428156450508141e+04
1.288623213768005371e-01 1.063928849781445751e+04
1.291893720626831055e-01 1.065427558844520900e+04
1.295164376497268677e-01 1.066924428646865090e+04
1.298435032367706299e-01 1.068419402054215243e+04
1.301705688238143921e-01 1.069912481273083722e+04
1.304976195096969604e-01 1.071403618594970976e+04
1.308246850967407227e-01 1.072892947752526197e+04
1.311517506837844849e-01 1.074380408308978076e+04
1.314788162708282471e-01 1.075866020474173274e+04
1.318058669567108154e-01 1.077349710507755117e+04
1.321329325437545776e-01 1.078831633091341428e+04
1.324599981307983398e-01 1.080311724535741268e+04
1.327870637178421021e-01 1.081789994750170627e+04
1.331141144037246704e-01 1.083266385519401592e+04
1.334411799907684326e-01 1.084741027191226567e+04
1.337682455778121948e-01 1.086213878829094392e+04
1.340952962636947632e-01 1.087684867714214852e+04
1.344223618507385254e-01 1.089154146557410786e+04
1.347494274377822876e-01 1.090621645166258713e+04
1.350764930248260498e-01 1.092087368304263146e+04
1.354035437107086182e-01 1.093551271623023604e+04
1.357306092977523804e-01 1.095013483848431497e+04
1.360576748847961426e-01 1.096473954567922192e+04
1.363847404718399048e-01 1.097932686725930762e+04
1.367117911577224731e-01 1.099389624050050043e+04
1.370388567447662354e-01 1.100844905359424411e+04
1.373659223318099976e-01 1.102298472404727727e+04
1.376929879188537598e-01 1.103750321538321259e+04
1.380200386047363281e-01 1.105200410907531477e+04
1.383471041917800903e-01 1.106648866254486165e+04
1.386741697788238525e-01 1.108095632204196772e+04
1.390012353658676147e-01 1.109540718845556330e+04
1.393282860517501831e-01 1.110984075255750213e+04
1.396553516387939453e-01 1.112425822679435805e+04
1.399824172258377075e-01 1.113865910762269414e+04
1.403094828128814697e-01 1.115304344942075477e+04
1.406365334987640381e-01 1.116741073308890009e+04
1.409635990858078003e-01 1.118176214890891606e+04
1.412906646728515625e-01 1.119609734575363655e+04
1.416177302598953247e-01 1.121041619835563506e+04
1.419447809457778931e-01 1.122471824441773424e+04
1.422718465328216553e-01 1.123900476276968038e+04
1.425989121198654175e-01 1.125327527916611325e+04
1.429259628057479858e-01 1.126752909461921081e+04
1.432530283927917480e-01 1.128176764863253084e+04
1.435800939798355103e-01 1.129599033130902535e+04
1.439071595668792725e-01 1.131019711602943244e+04
1.442342102527618408e-01 1.132438763857854974e+04
1.445612758398056030e-01 1.133856297973728579e+04
1.448883414268493652e-01 1.135272272948944374e+04
1.452154070138931274e-01 1.136686686515422662e+04
1.455424576997756958e-01 1.138099493183498635e+04
1.458695232868194580e-01 1.139510814375522750e+04
1.461965888738632202e-01 1.140920597353505764e+04
1.465236544609069824e-01 1.142328848679827752e+04
1.468507051467895508e-01 1.143735513586694105e+04
1.471777707338333130e-01 1.145140710265274174e+04
1.475048363208770752e-01 1.146544395931991130e+04
1.478319019079208374e-01 1.147946574123114624e+04
1.481589525938034058e-01 1.149347185155992338e+04
1.484860181808471680e-01 1.150746357308083134e+04
1.488130837678909302e-01 1.152144037233806921e+04
1.491401493549346924e-01 1.153540231019042767e+04
1.494672000408172607e-01 1.154934891815257652e+04
1.497942656278610229e-01 1.156328118680461375e+04
1.501213312149047852e-01 1.157719887055610343e+04
1.504483968019485474e-01 1.159110189897846976e+04
1.507754474878311157e-01 1.160498965764334389e+04
1.511025130748748779e-01 1.161886360836294261e+04
1.514295786619186401e-01 1.163272304015145528e+04
1.517566293478012085e-01 1.164656742995371314e+04
1.520836949348449707e-01 1.166039802848331601e+04
1.524107605218887329e-01 1.167421425505714251e+04
1.527378261089324951e-01 1.168801622484929612e+04
1.530648767948150635e-01 1.170180337268492804e+04
1.533919423818588257e-01 1.171557701243029442e+04
1.537190079689025879e-01 1.172933652443924075e+04
1.540460735559463501e-01 1.174308193393840884e+04
1.543731242418289185e-01 1.175681270319859868e+04
1.547001898288726807e-01 1.177053017452835229e+04
1.550272554159164429e-01 1.178423368689729250e+04
1.553543210029602051e-01 1.179792333094269452e+04
1.556813716888427734e-01 1.181159857700621069e+04
1.560084372758865356e-01 1.182526060024777689e+04
1.563355028629302979e-01 1.183890897015898008e+04
1.566625684499740601e-01 1.185254368485496525e+04
1.569896191358566284e-01 1.186616418545372653e+04
1.573166847229003906e-01 1.187977166178267726e+04
1.576437503099441528e-01 1.189336560790405019e+04
1.579708158969879150e-01 1.190694613927531827e+04
1.582978665828704834e-01 1.192051260640322835e+04
1.586249321699142456e-01 1.193406633263341791e+04
1.589519977569580078e-01 1.194760661087303561e+04
1.592790484428405762e-01 1.196113308194711681e+04
1.596061140298843384e-01 1.197464692550272412e+04
1.599331796169281006e-01 1.198814753235854369e+04
1.602602452039718628e-01 1.200163501570504013e+04
1.605872958898544312e-01 1.201510875050755567e+04
1.609143614768981934e-01 1.202857005611210661e+04
1.612414270639419556e-01 1.204201829781426750e+04
1.615684926509857178e-01 1.205545366890645892e+04
1.618955433368682861e-01 1.206887547561684187e+04
1.622226089239120483e-01 1.208228490907923879e+04
1.625496745109558105e-01 1.209568156756931603e+04
1.628767400979995728e-01 1.210906540865820716e+04
1.632037907838821411e-01 1.212243593229629550e+04
1.635308563709259033e-01 1.213579440653295205e+04
1.638579219579696655e-01 1.214914010402954955e+04
1.641849875450134277e-01 1.216247327353823130e+04
1.645120382308959961e-01 1.217579310925095342e+04
1.648391038179397583e-01 1.218910119567663969e+04
1.651661694049835205e-01 1.220239666187240255e+04
1.654932349920272827e-01 1.221567970810112092e+04
1.658202856779098511e-01 1.222894973409255726e+04
1.661473512649536133e-01 1.224220799519250977e+04
1.664744168519973755e-01 1.225545388416109927e+04
1.668014824390411377e-01 1.226868752359863538e+04
1.671285331249237061e-01 1.228190833078349897e+04
1.674555987119674683e-01 1.229511749114834856e+04
1.677826642990112305e-01 1.230831447375621792e+04
1.681097149848937988e-01 1.232149879348725517e+04
1.684367805719375610e-01 1.233467147795003621e+04
1.687638461589813232e-01 1.234783223719616035e+04
1.690909117460250854e-01 1.236098095836893299e+04
1.694179624319076538e-01 1.237411716163699384e+04
1.697450280189514160e-01 1.238724190832251043e+04
1.700720936059951782e-01 1.240035478089628486e+04
1.703991591930389404e-01 1.241345583961022203e+04
1.707262098789215088e-01 1.242654449117751210e+04
1.710532754659652710e-01 1.243962194530613669e+04
1.713803410530090332e-01 1.245268764914760322e+04
1.717074066400527954e-01 1.246574162834020353e+04
1.720344573259353638e-01 1.247878344518219092e+04
1.723615229129791260e-01 1.249181412044786157e+04
1.726885885000228882e-01 1.250483316836055019e+04
1.730156540870666504e-01 1.251784064880118967e+04
1.733427047729492188e-01 1.253083617348969528e+04
1.736697703599929810e-01 1.254382074131475565e+04
1.739968359470367432e-01 1.255679379636317390e+04
1.743239015340805054e-01 1.256975542944606786e+04
1.746509522199630737e-01 1.258270519152033921e+04
1.749780178070068359e-01 1.259564407554725949e+04
1.753050833940505981e-01 1.260857176878585778e+04
1.756321489810943604e-01 1.262148811092322649e+04
1.759591996669769287e-01 1.263439269916550074e+04
1.762862652540206909e-01 1.264728671201431098e+04
1.766133308410644531e-01 1.266016941185197538e+04
1.769403815269470215e-01 1.267304059668489936e+04
1.772674471139907837e-01 1.268590108494200467e+04
1.775945127010345459e-01 1.269875057592849225e+04
1.779215782880783081e-01 1.271158907196281143e+04
1.782486289739608765e-01 1.272441597265194468e+04
1.785756945610046387e-01 1.273723250461499811e+04
1.789027601480484009e-01 1.275003807640740888e+04
1.792298257350921631e-01 1.276283277584762254e+04
1.795568764209747314e-01 1.277561604110689404e+04
1.798839420080184937e-01 1.278838899517141181e+04
1.802110075950622559e-01 1.280115118896957574e+04
1.805380731821060181e-01 1.281390265668521533e+04
1.808651238679885864e-01 1.282664279076704588e+04
1.811921894550323486e-01 1.283937280808600917e+04
1.815192550420761108e-01 1.285209211977781342e+04
1.818463206291198730e-01 1.286480092217631682e+04
1.821733713150024414e-01 1.287749853954452738e+04
1.825004369020462036e-01 1.289018604221465102e+04
1.828275024890899658e-01 1.290286301311858369e+04
1.831545680761337280e-01 1.291552960560517749e+04
1.834816187620162964e-01 1.292818508280203241e+04
1.838086843490600586e-01 1.294083065165019434e+04
1.841357499361038208e-01 1.295346590529119749e+04
1.844628006219863892e-01 1.296609012158669611e+04
1.847898662090301514e-01 1.297870462267236326e+04
1.851169317960739136e-01 1.299130870560606854e+04
1.854439973831176758e-01 1.300390256460643650e+04
1.857710480690002441e-01 1.301648568646321473e+04
1.860981136560440063e-01 1.302905902861109280e+04
1.864251792430877686e-01 1.304162218462718374e+04
1.867522448301315308e-01 1.305417515554781494e+04
1.870792955160140991e-01 1.306671760347744203e+04
1.874063611030578613e-01 1.307925029426677975e+04
1.877334266901016235e-01 1.309177291014595903e+04
1.880604922771453857e-01 1.310428565853957844e+04
1.883875429630279541e-01 1.311678764590587161e+04
1.887146085500717163e-01 1.312928028895798525e+04
1.890416741371154785e-01 1.314176291025462342e+04
1.893687397241592407e-01 1.315423560215443649e+04
1.896957904100418091e-01 1.316669795092964705e+04
1.900228559970855713e-01 1.317915087324530032e+04
1.903499215841293335e-01 1.319159397922930475e+04
1.906769871711730957e-01 1.320402722550952785e+04
1.910040378570556641e-01 1.321645018126149807e+04
1.913311034440994263e-01 1.322886390779481917e+04
1.916581690311431885e-01 1.324126797302985142e+04
1.919852346181869507e-01 1.325366214097248121e+04
1.923122853040695190e-01 1.326604614686541754e+04
1.926393508911132812e-01 1.327842116119148704e+04
1.929664164781570435e-01 1.329078652731353577e+04
1.932934671640396118e-01 1.330314167313857251e+04
1.936205327510833740e-01 1.331548786760191797e+04
1.939475983381271362e-01 1.332782441797404317e+04
1.942746639251708984e-01 1.334015159456276160e+04
1.946017146110534668e-01 1.335246861506268760e+04
1.949287801980972290e-01 1.336477682422442376e+04
1.952558457851409912e-01 1.337707546707719666e+04
1.955829113721847534e-01 1.338936478866611833e+04
1.959099620580673218e-01 1.340164416263814928e+04
1.962370276451110840e-01 1.341391468299610278e+04
1.965640932321548462e-01 1.342617595004002760e+04
1.968911588191986084e-01 1.343842783980165405e+04
1.972182095050811768e-01 1.345066994370078646e+04
1.975452750921249390e-01 1.346290340227447632e+04
1.978723406791687012e-01 1.347512749982047535e+04
1.981994062662124634e-01 1.348734243803533718e+04
1.985264569520950317e-01 1.349954768368175064e+04
1.988535225391387939e-01 1.351174437690996274e+04
1.991805881261825562e-01 1.352393187246115122e+04
1.995076537132263184e-01 1.353611024241224914e+04
1.998347043991088867e-01 1.354827905574972647e+04
2.001617699861526489e-01 1.356043935267596498e+04
2.004888355731964111e-01 1.357259058924080091e+04
2.008159011602401733e-01 1.358473284819218861e+04
2.011429518461227417e-01 1.359686558198185594e+04
2.014700174331665039e-01 1.360898991292909341e+04
2.017970830202102661e-01 1.362110536167561077e+04
2.021241337060928345e-01 1.363321132168100667e+04
2.024511992931365967e-01 1.364530891263620833e+04
2.027782648801803589e-01 1.365739768184466448e+04
2.031053304672241211e-01 1.366947760186522282e+04
2.034323811531066895e-01 1.368154819372121892e+04
2.037594467401504517e-01 1.369361052905723591e+04
2.040865123271942139e-01 1.370566409164060678e+04
2.044135779142379761e-01 1.371770893477689242e+04
2.047406286001205444e-01 1.372974452574465613e+04
2.050676941871643066e-01 1.374177204893078124e+04
2.053947597742080688e-01 1.375379078534787186e+04
2.057218253612518311e-01 1.376580090721853776e+04
2.060488760471343994e-01 1.377780187121509880e+04
2.063759416341781616e-01 1.378979479202544098e+04
2.067030072212219238e-01 1.380177906113022618e+04
2.070300728082656860e-01 1.381375495847541606e+04
2.073571234941482544e-01 1.382572165628350740e+04
2.076841890811920166e-01 1.383768049476189299e+04
2.080112546682357788e-01 1.384963067435533412e+04
2.083383202552795410e-01 1.386157247850221574e+04
2.086653709411621094e-01 1.387350533508974877e+04
2.089924365282058716e-01 1.388543031305425939e+04
2.093195021152496338e-01 1.389734688744385858e+04
2.096465528011322021e-01 1.390925447396817253e+04
2.099736183881759644e-01 1.392115443921244878e+04
2.103006839752197266e-01 1.393304590794288742e+04
2.106277495622634888e-01 1.394492906946370749e+04
2.109548002481460571e-01 1.395680343762002667e+04
2.112818658351898193e-01 1.396867022902295321e+04
2.116089314222335815e-01 1.398052865806780210e+04
2.119359970092773438e-01 1.399237878873246518e+04
2.122630476951599121e-01 1.400422030762526447e+04
2.125901132822036743e-01 1.401605408442862426e+04
2.129171788692474365e-01 1.402787977727741236e+04
2.132442444562911987e-01 1.403969723498225358e+04
2.135712951421737671e-01 1.405150613473131853e+04
2.138983607292175293e-01 1.406330754898299347e+04
2.142254263162612915e-01 1.407510074715766496e+04
2.145524919033050537e-01 1.408688601537811701e+04
2.148795425891876221e-01 1.409866267526437332e+04
2.152066081762313843e-01 1.411043178379684832e+04
2.155336737632751465e-01 1.412219297478687076e+04
2.158607393503189087e-01 1.413394615369797793e+04
2.161877900362014771e-01 1.414569094798579499e+04
2.165148556232452393e-01 1.415742828793877015e+04
2.168419212102890015e-01 1.416915770296891424e+04
2.171689867973327637e-01 1.418087926783182957e+04
2.174960374832153320e-01 1.419259241679214392e+04
2.178231030702590942e-01 1.420429821560547680e+04
2.181501686573028564e-01 1.421599626846272804e+04
2.184772193431854248e-01 1.422768598545792156e+04
2.188042849302291870e-01 1.423936834585164615e+04
2.191313505172729492e-01 1.425104293017986311e+04
2.194584161043167114e-01 1.426270980729112307e+04
2.197854667901992798e-01 1.427436850413092543e+04
2.201125323772430420e-01 1.428601988201282256e+04
2.204395979642868042e-01 1.429766365278425292e+04
2.207666635513305664e-01 1.430929977420431715e+04
2.210937142372131348e-01 1.432092771944472588e+04
2.214207798242568970e-01 1.433254851859321388e+04
2.217478454113006592e-01 1.434416168281977298e+04
2.220749109983444214e-01 1.435576728998241015e+04
2.224019616842269897e-01 1.436736484323161130e+04
2.227290272712707520e-01 1.437895523722509461e+04
2.230560928583145142e-01 1.439053817060999427e+04
2.233831584453582764e-01 1.440211353960991255e+04
2.237102091312408447e-01 1.441368088507122593e+04
2.240372747182846069e-01 1.442524140145459933e+04
2.243643403053283691e-01 1.443679435564813321e+04
2.246914058923721313e-01 1.444833979320676190e+04
2.250184565782546997e-01 1.445987746692971086e+04
2.253455221652984619e-01 1.447140803951526686e+04
2.256725877523422241e-01 1.448293136300523474e+04
2.259996533393859863e-01 1.449444724651763499e+04
2.263267040252685547e-01 1.450595538245865464e+04
2.266537696123123169e-01 1.451745650092053256e+04
2.269808351993560791e-01 1.452895043969365179e+04
2.273078858852386475e-01 1.454043648594363185e+04
2.276349514722824097e-01 1.455191581598184894e+04
2.279620170593261719e-01 1.456338782552612793e+04
2.282890826463699341e-01 1.457485262770227928e+04
2.286161333322525024e-01 1.458630966483672091e+04
2.289431989192962646e-01 1.459776004135900075e+04
2.292702645063400269e-01 1.460920322706809566e+04
2.295973300933837891e-01 1.462063900781302073e+04
2.299243807792663574e-01 1.463206735711271176e+04
2.302514463663101196e-01 1.464348906955667371e+04
2.305785119533538818e-01 1.465490351236369679e+04
2.309055775403976440e-01 1.466631091464744168e+04
2.312326282262802124e-01 1.467771074400414182e+04
2.315596938133239746e-01 1.468910391343625270e+04
2.318867594003677368e-01 1.470049012915900494e+04
2.322138249874114990e-01 1.471186912896107788e+04
2.325408756732940674e-01 1.472324079475745566e+04
2.328679412603378296e-01 1.473460584427161120e+04
2.331950068473815918e-01 1.474596389593494678e+04
2.335220724344253540e-01 1.475731494439682683e+04
2.338491231203079224e-01 1.476865852229729899e+04
2.341761887073516846e-01 1.477999565409225397e+04
2.345032542943954468e-01 1.479132592303263664e+04
2.348303049802780151e-01 1.480264868943407600e+04
2.351573705673217773e-01 1.481396504987105436e+04
2.354844361543655396e-01 1.482527453468051863e+04
2.358115017414093018e-01 1.483657707487128573e+04
2.361385524272918701e-01 1.484787236995693456e+04
2.364656180143356323e-01 1.485916125440322139e+04
2.367926836013793945e-01 1.487044332100914289e+04
2.371197491884231567e-01 1.488171854585083747e+04
2.374467998743057251e-01 1.489298647203448309e+04
2.377738654613494873e-01 1.490424812184297662e+04
2.381009310483932495e-01 1.491550298139607548e+04
2.384279966354370117e-01 1.492675113463229718e+04
2.387550473213195801e-01 1.493799204078657567e+04
2.390821129083633423e-01 1.494922658184203101e+04
2.394091784954071045e-01 1.496045457825344056e+04
2.397362440824508667e-01 1.497167569030137201e+04
2.400632947683334351e-01 1.498288976683415058e+04
2.403903603553771973e-01 1.499409755782181128e+04
2.407174259424209595e-01 1.500529866647905874e+04
2.410444915294647217e-01 1.501649318501993730e+04
2.413715422153472900e-01 1.502768056060521849e+04
2.416986078023910522e-01 1.503886175192035989e+04
2.420256733894348145e-01 1.505003636821871623e+04
2.423527389764785767e-01 1.506120429093317944e+04
2.426797896623611450e-01 1.507236530296580167e+04
2.430068552494049072e-01 1.508352005528126392e+04
2.433339208364486694e-01 1.509466828690099646e+04
2.436609715223312378e-01 1.510580949492584477e+04
2.439880371093750000e-01 1.511694456523010376e+04
2.443151026964187622e-01 1.512807310222288652e+04
2.446421682834625244e-01 1.513919512576899433e+04
2.449692189693450928e-01 1.515031023507368081e+04
2.452962845563888550e-01 1.516141923587978818e+04
2.456233501434326172e-01 1.517252174189545622e+04
2.459504157304763794e-01 1.518361774230724404e+04
2.462774664163589478e-01 1.519470684942729713e+04
2.466045320034027100e-01 1.520578985537533663e+04
2.469315975904464722e-01 1.521686647273372182e+04
2.472586631774902344e-01 1.522793657742139840e+04
2.475857138633728027e-01 1.523899982788246234e+04
2.479127794504165649e-01 1.525005699346563597e+04
2.482398450374603271e-01 1.526110779195753094e+04
2.485669106245040894e-01 1.527215219629507556e+04
2.488939613103866577e-01 1.528318969393658881e+04
2.492210268974304199e-01 1.529422116526531863e+04
2.495480924844741821e-01 1.530524630773411445e+04
2.498751580715179443e-01 1.531626501799716061e+04
2.502022087574005127e-01 1.532727689031218870e+04
2.505292892456054688e-01 1.533828319440407358e+04
2.508563399314880371e-01 1.534928230305781653e+04
2.511833906173706055e-01 1.536027493919136941e+04
2.515104711055755615e-01 1.537126213636362627e+04
2.518375217914581299e-01 1.538224197088710207e+04
2.521645724773406982e-01 1.539321548291940235e+04
2.524916529655456543e-01 1.540418360798531830e+04
2.528187036514282227e-01 1.541514421578671681e+04
2.531457543373107910e-01 1.542609869722353142e+04
2.534728348255157471e-01 1.543704757360817166e+04
2.537998855113983154e-01 1.544798921615744621e+04
2.541269659996032715e-01 1.545892533142299726e+04
2.544540166854858398e-01 1.546985417750243141e+04
2.547810673713684082e-01 1.548077668046195322e+04
2.551081478595733643e-01 1.549169357920921902e+04
2.554351985454559326e-01 1.550260329118728077e+04
2.557622492313385010e-01 1.551350664012251946e+04
2.560893297195434570e-01 1.552440442189820897e+04
2.564163804054260254e-01 1.553529492816635684e+04
2.567434608936309814e-01 1.554617988712627994e+04
2.570705115795135498e-01 1.555705752965437387e+04
2.573975622653961182e-01 1.556792880753488498e+04
2.577246427536010742e-01 1.557879451020316264e+04
2.580516934394836426e-01 1.558965286797130830e+04
2.583787441253662109e-01 1.560050482861383352e+04
2.587058246135711670e-01 1.561135110031784097e+04
2.590328752994537354e-01 1.562219004898836647e+04
2.593599557876586914e-01 1.563302343605355236e+04
2.596870064735412598e-01 1.564384948929728125e+04
2.600140571594238281e-01 1.565466887297543144e+04
2.603411376476287842e-01 1.566548263592754301e+04
2.606681883335113525e-01 1.567628897443422829e+04
2.609952390193939209e-01 1.568708876126547329e+04
2.613223195075988770e-01 1.569788289427499330e+04
2.616493701934814453e-01 1.570866946254233881e+04
2.619764208793640137e-01 1.571944948670049780e+04
2.623035013675689697e-01 1.573022366411871735e+04
2.626305520534515381e-01 1.574099036616186277e+04
2.629576325416564941e-01 1.575175111688873949e+04
2.632846832275390625e-01 1.576250441478755602e+04
2.636117339134216309e-01 1.577325084271192281e+04
2.639388144016265869e-01 1.578399144306538801e+04
2.642658650875091553e-01 1.579472429589711828e+04
2.645929157733917236e-01 1.580545025073505531e+04
2.649199962615966797e-01 1.581617038001983747e+04
2.652470469474792480e-01 1.582688267369607274e+04
2.655741274356842041e-01 1.583758878351292515e+04
2.659011781215667725e-01 1.584828717953504201e+04
2.662282288074493408e-01 1.585897846854412273e+04
2.665553092956542969e-01 1.586966368784849692e+04
2.668823599815368652e-01 1.588034083961051510e+04
2.672094106674194336e-01 1.589101079075618873e+04
2.675364911556243896e-01 1.590167454907348474e+04
2.678635418415069580e-01 1.591233012473854797e+04
2.681905925273895264e-01 1.592297843401425416e+04
2.685176730155944824e-01 1.593362028350838045e+04
2.688447237014770508e-01 1.594425393750859621e+04
2.691718041896820068e-01 1.595488087634135081e+04
2.694988548755645752e-01 1.596549964186845318e+04
2.698259055614471436e-01 1.597611071845585866e+04
2.701529860496520996e-01 1.598671507101825773e+04
2.704800367355346680e-01 1.599731092374486434e+04
2.708070874214172363e-01 1.600789895086792603e+04
2.711341679096221924e-01 1.601848013364416329e+04
2.714612185955047607e-01 1.602905245695752456e+04
2.717882990837097168e-01 1.603961772275926887e+04
2.721153497695922852e-01 1.605017426096804411e+04
2.724424004554748535e-01 1.606072252044732340e+04
2.727694809436798096e-01 1.607126348457109634e+04
2.730965316295623779e-01 1.608179535798084544e+04
2.734235823154449463e-01 1.609231891396674837e+04
2.737506628036499023e-01 1.610283486262119550e+04
2.740777134895324707e-01 1.611334146021621200e+04
2.744047939777374268e-01 1.612384028379682604e+04
2.747318446636199951e-01 1.613432959091020894e+04
2.750588953495025635e-01 1.614481005946297591e+04
2.753859758377075195e-01 1.615528245118062478e+04
2.757130265235900879e-01 1.616574499951759935e+04
2.760400772094726562e-01 1.617619849062467074e+04
2.763671576976776123e-01 1.618664357678677334e+04
2.766942083835601807e-01 1.619707845171909503e+04
2.770212590694427490e-01 1.620750396435205585e+04
2.773483395576477051e-01 1.621792066849234834e+04
2.776753902435302734e-01 1.622832684570568563e+04
2.780024707317352295e-01 1.623872413320291707e+04
2.783295214176177979e-01 1.624911052351391118e+04
2.786565721035003662e-01 1.625948689314700459e+04
2.789836525917053223e-01 1.626985390122647368e+04
2.793107032775878906e-01 1.628020968358100072e+04
2.796377539634704590e-01 1.629055486895103058e+04
2.799648344516754150e-01 1.630089035890260675e+04
2.802918851375579834e-01 1.631121423428472008e+04
2.806189656257629395e-01 1.632152793073866997e+04
2.809460163116455078e-01 1.633182975411746338e+04
2.812730669975280762e-01 1.634212028119198658e+04
2.816001474857330322e-01 1.635240013765850381e+04
2.819271981716156006e-01 1.636266765469895836e+04
2.822542488574981689e-01 1.637292333461349335e+04
2.825813293457031250e-01 1.638316780233252030e+04
2.829083800315856934e-01 1.639339937527160509e+04
2.832354605197906494e-01 1.640361933049912113e+04
2.835625112056732178e-01 1.641382604814742808e+04
2.838895618915557861e-01 1.642401988005416206e+04
2.842166423797607422e-01 1.643420179573358837e+04
2.845436930656433105e-01 1.644436955412875977e+04
2.848707437515258789e-01 1.645452398228167294e+04
2.851978242397308350e-01 1.646466579919321521e+04
2.855248749256134033e-01 1.647479271727782179e+04
2.858519256114959717e-01 1.648490589021430060e+04
2.861790060997009277e-01 1.649500546497035975e+04
2.865060567855834961e-01 1.650508972851893486e+04
2.868331372737884521e-01 1.651516003039183852e+04
2.871601879596710205e-01 1.652521460569301053e+04
2.874872386455535889e-01 1.653525390141832759e+04
2.878143191337585449e-01 1.654527849898271234e+04
2.881413698196411133e-01 1.655528646610022042e+04
2.884684205055236816e-01 1.656527847135595948e+04
2.887955009937286377e-01 1.657525497215062933e+04
2.891225516796112061e-01 1.658521389225622625e+04
2.894496321678161621e-01 1.659515672821268527e+04
2.897766828536987305e-01 1.660508169395201548e+04
2.901037335395812988e-01 1.661498905329228728e+04
2.904308140277862549e-01 1.662487945635458891e+04
2.907578647136688232e-01 1.663475096620778277e+04
2.910849153995513916e-01 1.664460402100836654e+04
2.914119958877563477e-01 1.665443900340589607e+04
2.917390465736389160e-01 1.666425421456475669e+04
2.920661270618438721e-01 1.667405070117994183e+04
2.923931777477264404e-01 1.668382655427713325e+04
2.927202284336090088e-01 1.669358236862908961e+04
2.930473089218139648e-01 1.670331842895143927e+04
2.933743596076965332e-01 1.671303279569365986e+04
2.937014102935791016e-01 1.672272590323380427e+04
2.940284907817840576e-01 1.673239815739745245e+04
2.943555414676666260e-01 1.674204760797607014e+04
2.946825921535491943e-01 1.675167460184605079e+04
2.950096726417541504e-01 1.676127957944503578e+04
2.953367233276367188e-01 1.677086049048436689e+04
2.956638038158416748e-01 1.678041854148989660e+04
2.959908545017242432e-01 1.678995172154530155e+04
2.963179051876068115e-01 1.679946033427062503e+04
2.966449856758117676e-01 1.680894477563806140e+04
2.969720363616943359e-01 1.681840298883963987e+04
2.972990870475769043e-01 1.682783539589615975e+04
2.976261675357818604e-01 1.683724214194778688e+04
2.979532182216644287e-01 1.684662130542982050e+04
2.982802987098693848e-01 1.685597386281133367e+04
2.986073493957519531e-01 1.686529789942574644e+04
2.989344000816345215e-01 1.687459363663924887e+04
2.992614805698394775e-01 1.688386122786367923e+04
2.995885312557220459e-01 1.689309872797715798e+04
2.999155819416046143e-01 1.690230639038004665e+04
3.002426624298095703e-01 1.691148437226773240e+04
3.005697131156921387e-01 1.692063061393945100e+04
3.008967936038970947e-01 1.692974611479041050e+04
3.012238442897796631e-01 1.693882871418889044e+04
3.015508949756622314e-01 1.694787868570430874e+04
3.018779754638671875e-01 1.695689616627612122e+04
3.022050261497497559e-01 1.696587900101912965e+04
3.025320768356323242e-01 1.697482741753019945e+04
3.028591573238372803e-01 1.698374145499989027e+04
3.031862080097198486e-01 1.699261911778756621e+04
3.035132586956024170e-01 1.700146044522053126e+04
3.038403391838073730e-01 1.701026550953169499e+04
3.041673898696899414e-01 1.701903227005113149e+04
3.044944703578948975e-01 1.702776134923090285e+04
3.048215210437774658e-01 1.703645077155379840e+04
3.051485717296600342e-01 1.704510057111861533e+04
3.054756522178649902e-01 1.705371074315760779e+04
3.058027029037475586e-01 1.706227912757868398e+04
3.061297535896301270e-01 1.707080559298903609e+04
3.064568340778350830e-01 1.707929027690584553e+04
3.067838847637176514e-01 1.708773102575663142e+04
3.071109652519226074e-01 1.709612847599291854e+04
3.074380159378051758e-01 1.710448039489660005e+04
3.077650666236877441e-01 1.711278668079433555e+04
3.080921471118927002e-01 1.712104734820322483e+04
3.084191977977752686e-01 1.712926019688311499e+04
3.087462484836578369e-01 1.713742502631746174e+04
3.090733289718627930e-01 1.714554174302025785e+04
3.094003796577453613e-01 1.715360803955640586e+04
3.097274601459503174e-01 1.716162458457260436e+04
3.100545108318328857e-01 1.716958902717187812e+04
3.103815615177154541e-01 1.717750128612184199e+04
3.107086420059204102e-01 1.718536100930235989e+04
3.110356926918029785e-01 1.719316600969864521e+04
3.113627433776855469e-01 1.720091614510807631e+04
3.116898238658905029e-01 1.720861098487052368e+04
3.120168745517730713e-01 1.721624837344216212e+04
3.123439252376556396e-01 1.722382778974731627e+04
3.126710057258605957e-01 1.723134911374115836e+04
3.129980564117431641e-01 1.723881007291049173e+04
3.133251368999481201e-01 1.724621080014840118e+04
3.136521875858306885e-01 1.725354925630276921e+04
3.139792382717132568e-01 1.726082475123123731e+04
3.143063187599182129e-01 1.726803701357958562e+04
3.146333694458007812e-01 1.727518383965227258e+04
3.149604201316833496e-01 1.728226458684969111e+04
3.152875006198883057e-01 1.728927868451116592e+04
3.156145513057708740e-01 1.729622414018696873e+04
3.159416317939758301e-01 1.730310073149965319e+04
3.162686824798583984e-01 1.730990620168304304e+04
3.165957331657409668e-01 1.731664003949840844e+04
3.169228136539459229e-01 1.732330168061453878e+04
3.172498643398284912e-01 1.732988870219763703e+04
3.175769150257110596e-01 1.733640054315050293e+04
3.179039955139160156e-01 1.734283627358525337e+04
3.182310461997985840e-01 1.734919397885183207e+04
3.185580968856811523e-01 1.735547255655788103e+04
3.188851773738861084e-01 1.736167150571862294e+04
3.192122280597686768e-01 1.736778829037019750e+04
3.195393085479736328e-01 1.737382277208131563e+04
3.198663592338562012e-01 1.737977248563695321e+04
3.201934099197387695e-01 1.738563675120904372e+04
3.205204904079437256e-01 1.739141446816621465e+04
3.208475410938262939e-01 1.739710332019775160e+04
3.211745917797088623e-01 1.740270253512149793e+04
3.215016722679138184e-01 1.740821095317610525e+04
3.218287229537963867e-01 1.741362626344631644e+04
3.221558034420013428e-01 1.741894792235719797e+04
3.224828541278839111e-01 1.742417358823880204e+04
3.228099048137664795e-01 1.742930208834326913e+04
3.231369853019714355e-01 1.743433229496985223e+04
3.234640359878540039e-01 1.743926200631409301e+04
3.237910866737365723e-01 1.744408968350663781e+04
3.241181671619415283e-01 1.744881451377548001e+04
3.244452178478240967e-01 1.745343388715810579e+04
3.247722983360290527e-01 1.745794679240690675e+04
3.250993490219116211e-01 1.746235109713835845e+04
3.254263997077941895e-01 1.746664551989171741e+04
3.257534801959991455e-01 1.747082828454824630e+04
3.260805308818817139e-01 1.747489731142577875e+04
3.264075815677642822e-01 1.747885105055235181e+04
3.267346620559692383e-01 1.748268795221751498e+04
3.270617127418518066e-01 1.748640584424557528e+04
3.273887634277343750e-01 1.749000280171309350e+04
3.277158439159393311e-01 1.749347761466907104e+04
3.280428946018218994e-01 1.749682765268255025e+04
3.283699750900268555e-01 1.750005138460288799e+04
3.286970257759094238e-01 1.750314678848478070e+04
3.290240764617919922e-01 1.750611183651166357e+04
3.293511569499969482e-01 1.750894474261313735e+04
3.296782076358795166e-01 1.751164319446107766e+04
3.300052583217620850e-01 1.751420522817207529e+04
3.303323388099670410e-01 1.751662913358176593e+04
3.306593894958496094e-01 1.751891220549035279e+04
3.309864699840545654e-01 1.752105279713018535e+04
3.313135206699371338e-01 1.752304837936957119e+04
3.316405713558197021e-01 1.752489718591240671e+04
3.319676518440246582e-01 1.752659665799771756e+04
3.322947025299072266e-01 1.752814472130051217e+04
3.326217532157897949e-01 1.752953902309637124e+04
3.329488337039947510e-01 1.753077732805448613e+04
3.332758843898773193e-01 1.753185727345016130e+04
3.336029648780822754e-01 1.753277655186733318e+04
3.339300155639648438e-01 1.753353267430030610e+04
3.342570662498474121e-01 1.753412340102104645e+04
3.345841467380523682e-01 1.753454605602987067e+04
3.349111974239349365e-01 1.753479846790350712e+04
3.352382481098175049e-01 1.753487787016405491e+04
3.355653285980224609e-01 1.753478168106386875e+04
3.358923792839050293e-01 1.753450768746149697e+04
3.362194299697875977e-01 1.753405294655729085e+04
3.365465104579925537e-01 1.753341483299822357e+04
3.368735611438751221e-01 1.753259100949694039e+04
3.372006416320800781e-01 1.753157844000783007e+04
3.375276923179626465e-01 1.753037474594877858e+04
3.378547430038452148e-01 1.752897696401772555e+04
3.381818234920501709e-01 1.752738208669707092e+04
3.385088741779327393e-01 1.752558792184078993e+04
3.388359248638153076e-01 1.752359119714245026e+04
3.391630053520202637e-01 1.752138879692404589e+04
3.394900560379028320e-01 1.751897855225059538e+04
3.398171365261077881e-01 1.751635671056329738e+04
3.401441872119903564e-01 1.751352115267598128e+04
3.404712378978729248e-01 1.751046850081121374e+04
3.407983183860778809e-01 1.750719511751884420e+04
3.411253690719604492e-01 1.750369903860074555e+04
3.414524197578430176e-01 1.749997672156925910e+04
3.417795002460479736e-01 1.749602437443397503e+04
3.421065509319305420e-01 1.749184007371611369e+04
3.424336314201354980e-01 1.748741954676403839e+04
3.427606821060180664e-01 1.748276067010565748e+04
3.430877327919006348e-01 1.747785963646845630e+04
3.434148132801055908e-01 1.747271253646956757e+04
3.437418639659881592e-01 1.746731742310310437e+04
3.440689146518707275e-01 1.746167034953100665e+04
3.443959951400756836e-01 1.745576720294189727e+04
3.447230458259582520e-01 1.744960614195773087e+04
3.450500965118408203e-01 1.744318299903398656e+04
3.453771770000457764e-01 1.743649358710144588e+04
3.457042276859283447e-01 1.742953588739035331e+04
3.460313081741333008e-01 1.742230510534680070e+04
3.463583588600158691e-01 1.741479917845245654e+04
3.466854095458984375e-01 1.740701376627338323e+04
3.470124900341033936e-01 1.739894468769645755e+04
3.473395407199859619e-01 1.739058977605139444e+04
3.476665914058685303e-01 1.738194502832385479e+04
3.479936718940734863e-01 1.737300548529829393e+04
3.483207225799560547e-01 1.736376949572663580e+04
3.486478030681610107e-01 1.735423164614379493e+04
3.489748537540435791e-01 1.734439017261011395e+04
3.493019044399261475e-01 1.733424037010988832e+04
3.496289849281311035e-01 1.732377740563602856e+04
3.499560356140136719e-01 1.731299981523415772e+04
3.502830862998962402e-01 1.730190288275697094e+04
3.506101667881011963e-01 1.729048152382169792e+04
3.509372174739837646e-01 1.727873445476786947e+04
3.512642979621887207e-01 1.726665537962452800e+04
3.515913486480712891e-01 1.725424304913682499e+04
3.519183993339538574e-01 1.724149234718937078e+04
3.522454798221588135e-01 1.722839844775072561e+04
3.525725305080413818e-01 1.721495988346459853e+04
3.528995811939239502e-01 1.720117166591295972e+04
3.532266616821289062e-01 1.718702855118787193e+04
3.535537123680114746e-01 1.717252941417817783e+04
3.538807630538940430e-01 1.715766924969473257e+04
3.542078435420989990e-01 1.714244261583512343e+04
3.545348942279815674e-01 1.712684868792273119e+04
3.548619747161865234e-01 1.711088041216840065e+04
3.551890254020690918e-01 1.709453745124396301e+04
3.555160760879516602e-01 1.707781419983428350e+04
3.558431565761566162e-01 1.706070523199121817e+04
3.561702072620391846e-01 1.704321007091817955e+04
3.564972579479217529e-01 1.702532321732148193e+04
3.568243384361267090e-01 1.700703926322071493e+04
3.571513891220092773e-01 1.698835785124412723e+04
3.574784696102142334e-01 1.696927160033156906e+04
3.578055202960968018e-01 1.694978066607779692e+04
3.581325709819793701e-01 1.692987921549625025e+04
3.584596514701843262e-01 1.690956174325368193e+04
3.587867021560668945e-01 1.688882851491844849e+04
3.591137528419494629e-01 1.686767389099310458e+04
3.594408333301544189e-01 1.684609201260323607e+04
3.597678840160369873e-01 1.682408371971591259e+04
3.600949347019195557e-01 1.680164314519015534e+04
3.604220151901245117e-01 1.677876459008589154e+04
3.607490658760070801e-01 1.675544900656862592e+04
3.610761463642120361e-01 1.673168840745611669e+04
3.614031970500946045e-01 1.670748389806442719e+04
3.617302477359771729e-01 1.668282975474202976e+04
3.620573282241821289e-01 1.665772036400317302e+04
3.623843789100646973e-01 1.663215713753350428e+04
3.627114295959472656e-01 1.660613430256635183e+04
3.630385100841522217e-01 1.657964625843659815e+04
3.633655607700347900e-01 1.655269484417681088e+04
3.636926412582397461e-01 1.652527183408574274e+04
3.640196919441223145e-01 1.649737924644389204e+04
3.643467426300048828e-01 1.646901162652880885e+04
3.646738231182098389e-01 1.644016324528615587e+04
3.650008738040924072e-01 1.641083661407216277e+04
3.653279244899749756e-01 1.638102623220833266e+04
3.656550049781799316e-01 1.635072651655918162e+04
3.659820556640625000e-01 1.631994030964289777e+04
3.663091361522674561e-01 1.628865932700053600e+04
3.666361868381500244e-01 1.625688691769324760e+04
3.669632375240325928e-01 1.622461755710555190e+04
3.672903180122375488e-01 1.619184595512957821e+04
3.676173686981201172e-01 1.615857558643925222e+04
3.679444193840026855e-01 1.612480158054625645e+04
3.682714998722076416e-01 1.609051822310020361e+04
3.685985505580902100e-01 1.605572988108482605e+04
3.689256012439727783e-01 1.602043158094348837e+04
3.692526817321777344e-01 1.598461784273564626e+04
3.695797324180603027e-01 1.594829354294179029e+04
3.699068129062652588e-01 1.591145032077981159e+04
3.702338635921478271e-01 1.587409334849701918e+04
3.705609142780303955e-01 1.583621773061823478e+04
3.708879947662353516e-01 1.579781842640215655e+04
3.712150454521179199e-01 1.575890124492823634e+04
3.715420961380004883e-01 1.571946130638691830e+04
3.718691766262054443e-01 1.567949396213277032e+04
3.721962273120880127e-01 1.563900562720447488e+04
3.725233078002929688e-01 1.559798776366100356e+04
3.728503584861755371e-01 1.555644714352985648e+04
3.731774091720581055e-01 1.551437956466424475e+04
3.735044896602630615e-01 1.547178040762356068e+04
3.738315403461456299e-01 1.542865699377935380e+04
3.741585910320281982e-01 1.538500519579945649e+04
3.744856715202331543e-01 1.534082076154710012e+04
3.748127222061157227e-01 1.529611168024476319e+04
3.751398026943206787e-01 1.525086989512396030e+04
3.754668533802032471e-01 1.520510377279658678e+04
3.757939040660858154e-01 1.515880968637838305e+04
3.761209845542907715e-01 1.511198352675307069e+04
3.764480352401733398e-01 1.506463463201049672e+04
3.767750859260559082e-01 1.501675939188592019e+04
3.771021664142608643e-01 1.496835408704049951e+04
3.774292171001434326e-01 1.491942869588287067e+04
3.777562677860260010e-01 1.486997994900708545e+04
3.780833482742309570e-01 1.482000438908263641e+04
3.784103989601135254e-01 1.476951264611857914e+04
3.787374794483184814e-01 1.471849695231248188e+04
3.790645301342010498e-01 1.466696842141683555e+04
3.793915808200836182e-01 1.461492409051943469e+04
3.797186613082885742e-01 1.456236112047531788e+04
3.800457119941711426e-01 1.450929137768022156e+04
3.803727626800537109e-01 1.445571225801334549e+04
3.806998431682586670e-01 1.440162106631382994e+04
3.810268938541412354e-01 1.434703034149670748e+04
3.813539743423461914e-01 1.429193287111467907e+04
3.816810250282287598e-01 1.423634146677560602e+04
3.820080757141113281e-01 1.418025416188006056e+04
3.823351562023162842e-01 1.412366884964560450e+04
3.826622068881988525e-01 1.406659929787302463e+04
3.829892575740814209e-01 1.400904362692635732e+04
3.833163380622863770e-01 1.395100022564952087e+04
3.836433887481689453e-01 1.389248344457407984e+04
3.839704692363739014e-01 1.383348634279700491e+04
3.842975199222564697e-01 1.377402380735728366e+04
3.846245706081390381e-01 1.371409478436032987e+04
3.849516510963439941e-01 1.365369789192905773e+04
3.852787017822265625e-01 1.359284880078911738e+04
3.856057524681091309e-01 1.353154663186728612e+04
3.859328329563140869e-01 1.346979034308749215e+04
3.862598836421966553e-01 1.340759636731517094e+04
3.865869343280792236e-01 1.334496407376031493e+04
3.869140148162841797e-01 1.328189284648117791e+04
3.872410655021667480e-01 1.321839976678174571e+04
3.875681459903717041e-01 1.315447845116182907e+04
3.878951966762542725e-01 1.309014651041365505e+04
3.882222473621368408e-01 1.302540381252327461e+04
3.885493278503417969e-01 1.296025032238485073e+04
3.888763785362243652e-01 1.289470411592001983e+04
3.892034292221069336e-01 1.282876541178631669e+04
3.895305097103118896e-01 1.276243436198500058e+04
3.898575603961944580e-01 1.269572984347257625e+04
3.901846408843994141e-01 1.262864608804135059e+04
3.905116915702819824e-01 1.256120222799722433e+04
3.908387422561645508e-01 1.249339907726208730e+04
3.911658227443695068e-01 1.242523725888349509e+04
3.914928734302520752e-01 1.235673644637792313e+04
3.918199241161346436e-01 1.228789776393204374e+04
3.921470046043395996e-01 1.221872213849924083e+04
3.924740552902221680e-01 1.214922986803551430e+04
3.928011357784271240e-01 1.207941578999710691e+04
3.931281864643096924e-01 1.200930055046721463e+04
3.934552371501922607e-01 1.193888545277052981e+04
3.937823176383972168e-01 1.186817205590476624e+04
3.941093683242797852e-01 1.179718153417622671e+04
3.944364190101623535e-01 1.172591556138572014e+04
3.947634994983673096e-01 1.165437561643325171e+04
3.950905501842498779e-01 1.158258347493355541e+04
3.954176008701324463e-01 1.151054105739847910e+04
3.957446813583374023e-01 1.143825012295415036e+04
3.960717320442199707e-01 1.136573288825611598e+04
3.963988125324249268e-01 1.129298465400346686e+04
3.967258632183074951e-01 1.122002759787973446e+04
3.970529139041900635e-01 1.114686401445929368e+04
3.973799943923950195e-01 1.107349626634817287e+04
3.977070450782775879e-01 1.099994688121617946e+04
3.980340957641601562e-01 1.092621820969835062e+04
3.983611762523651123e-01 1.085231283634781175e+04
3.986882269382476807e-01 1.077825356368381836e+04
3.990153074264526367e-01 1.070403610814921194e+04
3.993423581123352051e-01 1.062968361065450881e+04
3.996694087982177734e-01 1.055519872356362794e+04
3.999964892864227295e-01 1.048058419538516682e+04
4.003235399723052979e-01 1.040586319833768721e+04
4.006505906581878662e-01 1.033103854515837520e+04
4.009776711463928223e-01 1.025611306185866124e+04
4.013047218322753906e-01 1.018111022928870989e+04
4.016318023204803467e-01 1.010602600895742216e+04
4.019588530063629150e-01 1.003088393010426807e+04
4.022859036922454834e-01 9.955686857447164584e+03
4.026129841804504395e-01 9.880437811700736347e+03
4.029400348663330078e-01 9.805160555865599235e+03
4.032670855522155762e-01 9.729857795064883248e+03
4.035941660404205322e-01 9.654532686163431208e+03
4.039212167263031006e-01 9.579208790939967002e+03
