0	0	-0.403241
0	1	-0.401988
0	2	-0.400235
0	3	-0.397981
0	4	-0.395226
0	5	-0.39197
0	6	-0.388213
0	7	-0.383956
0	8	-0.379198
0	9	-0.37394
0	10	-0.368181
0	11	-0.361923
0	12	-0.355164
0	13	-0.347905
0	14	-0.340147
0	15	-0.331889
0	16	-0.323132
0	17	-0.313877
0	18	-0.304122
0	19	-0.293869
0	20	-0.283119
0	21	-0.271871
0	22	-0.260126
0	23	-0.247885
0	24	-0.235148
0	25	-0.221917
0	26	-0.208191
0	27	-0.193973
0	28	-0.179264
0	29	-0.164065
0	30	-0.148379
0	31	-0.132208
0	32	-0.115556
0	33	-0.0984283
0	34	-0.0808324
0	35	-0.0627804
0	36	-0.0442941
0	37	-0.0254218
0	38	-0.0063488
1	0	-0.40373
1	1	-0.402728
1	2	-0.401225
1	3	-0.399221
1	4	-0.396717
1	5	-0.393711
1	6	-0.390205
1	7	-0.386198
1	8	-0.38169
1	9	-0.376682
1	10	-0.371174
1	11	-0.365165
1	12	-0.358657
1	13	-0.351648
1	14	-0.344139
1	15	-0.336131
1	16	-0.327624
1	17	-0.318617
1	18	-0.309112
1	19	-0.299109
1	20	-0.288607
1	21	-0.277608
1	22	-0.266111
1	23	-0.254118
1	24	-0.241629
1	25	-0.228645
1	26	-0.215166
1	27	-0.201194
1	28	-0.18673
1	29	-0.171776
1	30	-0.156333
1	31	-0.140404
1	32	-0.123992
1	33	-0.107101
1	34	-0.0897381
1	35	-0.0719121
1	36	-0.0536389
1	37	-0.0349498
1	38	-0.0159285
2	0	-0.4034
2	1	-0.402143
2	2	-0.400389
2	3	-0.398134
2	4	-0.395379
2	5	-0.392122
2	6	-0.388366
2	7	-0.384108
2	8	-0.379351
2	9	-0.374092
2	10	-0.368334
2	11	-0.362075
2	12	-0.355316
2	13	-0.348057
2	14	-0.340299
2	15	-0.332041
2	16	-0.323284
2	17	-0.314029
2	18	-0.304274
2	19	-0.294021
2	20	-0.283271
2	21	-0.272023
2	22	-0.260278
2	23	-0.248037
2	24	-0.2353
2	25	-0.222068
2	26	-0.208343
2	27	-0.194125
2	28	-0.179415
2	29	-0.164216
2	30	-0.14853
2	31	-0.132358
2	32	-0.115706
2	33	-0.0985781
2	34	-0.0809817
2	35	-0.0629291
2	36	-0.0444416
2	37	-0.0255672
2	38	-0.00648571
3	0	-0.403003
3	1	-0.401489
3	2	-0.399481
3	3	-0.396974
3	4	-0.393967
3	5	-0.39046
3	6	-0.386453
3	7	-0.381945
3	8	-0.376937
3	9	-0.371428
3	10	-0.36542
3	11	-0.358911
3	12	-0.351902
3	13	-0.344393
3	14	-0.336385
3	15	-0.327878
3	16	-0.318871
3	17	-0.309366
3	18	-0.299362
3	19	-0.28886
3	20	-0.277861
3	21	-0.266364
3	22	-0.254371
3	23	-0.241882
3	24	-0.228897
3	25	-0.215419
3	26	-0.201447
3	27	-0.186982
3	28	-0.172028
3	29	-0.156585
3	30	-0.140655
3	31	-0.124243
3	32	-0.107351
3	33	-0.0899875
3	34	-0.0721605
3	35	-0.0538859
3	36	-0.0351944
3	37	-0.016167
4	0	-0.402543
4	1	-0.400766
4	2	-0.398502
4	3	-0.395743
4	4	-0.392484
4	5	-0.388726
4	6	-0.384467
4	7	-0.379709
4	8	-0.37445
4	9	-0.368691
4	10	-0.362432
4	11	-0.355673
4	12	-0.348414
4	13	-0.340655
4	14	-0.332397
4	15	-0.32364
4	16	-0.314384
4	17	-0.304629
4	18	-0.294376
4	19	-0.283626
4	20	-0.272377
4	21	-0.260632
4	22	-0.248391
4	23	-0.235654
4	24	-0.222422
4	25	-0.208696
4	26	-0.194478
4	27	-0.179768
4	28	-0.164569
4	29	-0.148882
4	30	-0.13271
4	31	-0.116057
4	32	-0.098928
4	33	-0.0813305
4	34	-0.0632762
4	35	-0.0447862
4	36	-0.0259067
4	37	-0.00680656
5	0	-0.402021
5	1	-0.399976
5	2	-0.397454
5	3	-0.39444
5	4	-0.390929
5	5	-0.386919
5	6	-0.382409
5	7	-0.377399
5	8	-0.37189
5	9	-0.36588
5	10	-0.359371
5	11	-0.352361
5	12	-0.344852
5	13	-0.336844
5	14	-0.328336
5	15	-0.319329
5	16	-0.309823
5	17	-0.299819
5	18	-0.289317
5	19	-0.278317
5	20	-0.266821
5	21	-0.254827
5	22	-0.242338
5	23	-0.229353
5	24	-0.215874
5	25	-0.201901
5	26	-0.187437
5	27	-0.172481
5	28	-0.157038
5	29	-0.141107
5	30	-0.124694
5	31	-0.107802
5	32	-0.0904369
5	33	-0.0726082
5	34	-0.054331
5	35	-0.035635
5	36	-0.0165973
6	0	-0.401438
6	1	-0.39912
6	2	-0.396338
6	3	-0.393069
6	4	-0.389303
6	5	-0.385041
6	6	-0.380279
6	7	-0.375018
6	8	-0.369257
6	9	-0.362997
6	10	-0.356236
6	11	-0.348977
6	12	-0.341217
6	13	-0.332959
6	14	-0.324201
6	15	-0.314944
6	16	-0.305189
6	17	-0.294936
6	18	-0.284185
6	19	-0.272936
6	20	-0.26119
6	21	-0.248949
6	22	-0.236211
6	23	-0.222979
6	24	-0.209253
6	25	-0.195034
6	26	-0.180323
6	27	-0.165123
6	28	-0.149435
6	29	-0.133263
6	30	-0.116609
6	31	-0.0994784
6	32	-0.0818791
6	33	-0.0638222
6	34	-0.0453282
6	35	-0.0264411
6	36	-0.0073143
7	0	-0.400794
7	1	-0.398199
7	2	-0.395155
7	3	-0.391628
7	4	-0.387608
7	5	-0.383092
7	6	-0.378077
7	7	-0.372564
7	8	-0.366552
7	9	-0.360041
7	10	-0.35303
7	11	-0.345519
7	12	-0.33751
7	13	-0.329001
7	14	-0.319993
7	15	-0.310487
7	16	-0.300482
7	17	-0.289979
7	18	-0.278979
7	19	-0.267481
7	20	-0.255487
7	21	-0.242997
7	22	-0.230012
7	23	-0.216532
7	24	-0.202559
7	25	-0.188094
7	26	-0.173138
7	27	-0.157693
7	28	-0.141762
7	29	-0.125348
7	30	-0.108454
7	31	-0.0910869
7	32	-0.0732556
7	33	-0.0549748
7	34	-0.0362726
7	35	-0.0172207
8	0	-0.40009
8	1	-0.397215
8	2	-0.393905
8	3	-0.390119
8	4	-0.385843
8	5	-0.381072
8	6	-0.375805
8	7	-0.37004
8	8	-0.363776
8	9	-0.357013
8	10	-0.349751
8	11	-0.341989
8	12	-0.333729
8	13	-0.32497
8	14	-0.315712
8	15	-0.305956
8	16	-0.295702
8	17	-0.28495
8	18	-0.2737
8	19	-0.261954
8	20	-0.249711
8	21	-0.236973
8	22	-0.22374
8	23	-0.210013
8	24	-0.195793
8	25	-0.181082
8	26	-0.165881
8	27	-0.150192
8	28	-0.134018
8	29	-0.117362
8	30	-0.10023
8	31	-0.0826284
8	32	-0.0645681
8	33	-0.0460687
8	34	-0.0271717
8	35	-0.0080127
9	0	-0.399328
9	1	-0.396167
9	2	-0.39259
9	3	-0.388542
9	4	-0.384009
9	5	-0.378983
9	6	-0.373462
9	7	-0.367444
9	8	-0.360928
9	9	-0.353913
9	10	-0.3464
9	11	-0.338387
9	12	-0.329877
9	13	-0.320867
9	14	-0.311359
9	15	-0.301353
9	16	-0.290849
9	17	-0.279848
9	18	-0.268349
9	19	-0.256354
9	20	-0.243863
9	21	-0.230877
9	22	-0.217396
9	23	-0.203422
9	24	-0.188955
9	25	-0.173998
9	26	-0.158552
9	27	-0.14262
9	28	-0.126204
9	29	-0.109308
9	30	-0.0919385
9	31	-0.0741039
9	32	-0.0558183
9	33	-0.0371083
9	34	-0.0180392
10	0	-0.398507
10	1	-0.395056
10	2	-0.391209
10	3	-0.386899
10	4	-0.382107
10	5	-0.376825
10	6	-0.371049
10	7	-0.364778
10	8	-0.358009
10	9	-0.350742
10	10	-0.342977
10	11	-0.334714
10	12	-0.325952
10	13	-0.316692
10	14	-0.306934
10	15	-0.296678
10	16	-0.285924
10	17	-0.274673
10	18	-0.262925
10	19	-0.250681
10	20	-0.237942
10	21	-0.224708
10	22	-0.210979
10	23	-0.196758
10	24	-0.182046
10	25	-0.166843
10	26	-0.151153
10	27	-0.134977
10	28	-0.118319
10	29	-0.101185
10	30	-0.0835795
10	31	-0.0655149
10	32	-0.047009
10	33	-0.0281
10	34	-0.00890569
11	0	-0.397627
11	1	-0.393883
11	2	-0.389763
11	3	-0.385189
11	4	-0.380137
11	5	-0.374598
11	6	-0.368567
11	7	-0.362042
11	8	-0.35502
11	9	-0.3475
11	10	-0.339483
11	11	-0.330968
11	12	-0.321956
11	13	-0.312445
11	14	-0.302436
11	15	-0.29193
11	16	-0.280927
11	17	-0.269426
11	18	-0.257429
11	19	-0.244937
11	20	-0.231949
11	21	-0.218467
11	22	-0.204491
11	23	-0.190023
11	24	-0.175064
11	25	-0.159617
11	26	-0.143682
11	27	-0.127264
11	28	-0.110366
11	29	-0.0929929
11	30	-0.0751543
11	31	-0.056863
11	32	-0.0381437
11	33	-0.0190552
12	0	-0.39669
12	1	-0.392649
12	2	-0.388253
12	3	-0.383413
12	4	-0.378101
12	5	-0.372304
12	6	-0.366017
12	7	-0.359236
12	8	-0.35196
12	9	-0.344188
12	10	-0.335919
12	11	-0.327152
12	12	-0.317888
12	13	-0.308126
12	14	-0.297867
12	15	-0.287111
12	16	-0.275857
12	17	-0.264107
12	18	-0.251861
12	19	-0.23912
12	20	-0.225884
12	21	-0.212154
12	22	-0.197931
12	23	-0.183216
12	24	-0.168012
12	25	-0.152319
12	26	-0.136141
12	27	-0.119481
12	28	-0.102343
12	29	-0.0847339
12	30	-0.066664
12	31	-0.0481505
12	32	-0.029228
12	33	-0.00999704
13	0	-0.395696
13	1	-0.391353
13	2	-0.38668
13	3	-0.381572
13	4	-0.375997
13	5	-0.369941
13	6	-0.363397
13	7	-0.356361
13	8	-0.348831
13	9	-0.340806
13	10	-0.332284
13	11	-0.323265
13	12	-0.313749
13	13	-0.303736
13	14	-0.293226
13	15	-0.28222
13	16	-0.270716
13	17	-0.258717
13	18	-0.246222
13	19	-0.233231
13	20	-0.219747
13	21	-0.205769
13	22	-0.191299
13	23	-0.176338
13	24	-0.160888
13	25	-0.144951
13	26	-0.12853
13	27	-0.111628
13	28	-0.0942519
13	29	-0.0764084
13	30	-0.0581103
13	31	-0.0393805
13	32	-0.020271
13	33	-0.000997814
14	0	-0.394644
14	1	-0.389996
14	2	-0.385043
14	3	-0.379666
14	4	-0.373827
14	5	-0.367511
14	6	-0.360709
14	7	-0.353417
14	8	-0.345633
14	9	-0.337353
14	10	-0.328578
14	11	-0.319307
14	12	-0.30954
14	13	-0.299275
14	14	-0.288515
14	15	-0.277257
14	16	-0.265504
14	17	-0.253255
14	18	-0.24051
14	19	-0.227271
14	20	-0.213538
14	21	-0.199313
14	22	-0.184596
14	23	-0.169389
14	24	-0.153693
14	25	-0.137512
14	26	-0.120849
14	27	-0.103707
14	28	-0.0860934
14	29	-0.0680174
14	30	-0.049495
14	31	-0.0305578
14	32	-0.0112902
15	0	-0.393535
15	1	-0.388579
15	2	-0.383343
15	3	-0.377695
15	4	-0.371592
15	5	-0.365014
15	6	-0.357954
15	7	-0.350405
15	8	-0.342365
15	9	-0.333832
15	10	-0.324803
15	11	-0.315279
15	12	-0.30526
15	13	-0.294744
15	14	-0.283732
15	15	-0.272224
15	16	-0.26022
15	17	-0.247721
15	18	-0.234728
15	19	-0.22124
15	20	-0.207259
15	21	-0.192786
15	22	-0.177822
15	23	-0.162369
15	24	-0.146428
15	25	-0.130004
15	26	-0.113098
15	27	-0.0957173
15	28	-0.0778681
15	29	-0.0595623
15	30	-0.0408209
15	31	-0.0216894
15	32	-0.00233097
16	0	-0.39237
16	1	-0.387102
16	2	-0.381581
16	3	-0.37566
16	4	-0.36929
16	5	-0.362451
16	6	-0.355131
16	7	-0.347325
16	8	-0.339029
16	9	-0.330241
16	10	-0.320958
16	11	-0.311182
16	12	-0.300909
16	13	-0.290142
16	14	-0.278878
16	15	-0.26712
16	16	-0.254866
16	17	-0.242117
16	18	-0.228874
16	19	-0.215137
16	20	-0.200908
16	21	-0.186188
16	22	-0.170977
16	23	-0.155278
16	24	-0.139093
16	25	-0.122425
16	26	-0.105279
16	27	-0.0876599
16	28	-0.0695769
16	29	-0.0510448
16	30	-0.0320917
16	31	-0.0127885
17	0	-0.391148
17	1	-0.385564
17	2	-0.379757
17	3	-0.373562
17	4	-0.366924
17	5	-0.359821
17	6	-0.352241
17	7	-0.344177
17	8	-0.335625
17	9	-0.326581
17	10	-0.317044
17	11	-0.307014
17	12	-0.296489
17	13	-0.285469
17	14	-0.273955
17	15	-0.261945
17	16	-0.24944
17	17	-0.236442
17	18	-0.222949
17	19	-0.208964
17	20	-0.194487
17	21	-0.179519
17	22	-0.164062
17	23	-0.148117
17	24	-0.131688
17	25	-0.114778
17	26	-0.0973915
17	27	-0.0795356
17	28	-0.0612212
17	29	-0.0424672
17	30	-0.0233132
17	31	-0.00388415
18	0	-0.38987
18	1	-0.383968
18	2	-0.377871
18	3	-0.371399
18	4	-0.364493
18	5	-0.357126
18	6	-0.349285
18	7	-0.340962
18	8	-0.332152
18	9	-0.322853
18	10	-0.313061
18	11	-0.302777
18	12	-0.291999
18	13	-0.280727
18	14	-0.268961
18	15	-0.2567
18	16	-0.243945
18	17	-0.230696
18	18	-0.216954
18	19	-0.20272
18	20	-0.187995
18	21	-0.17278
18	22	-0.157076
18	23	-0.140886
18	24	-0.124214
18	25	-0.107062
18	26	-0.0894361
18	27	-0.0713451
18	28	-0.0528023
18	29	-0.0338325
18	30	-0.0144949
19	0	-0.388535
19	1	-0.382312
19	2	-0.375924
19	3	-0.369174
19	4	-0.361997
19	5	-0.354365
19	6	-0.346262
19	7	-0.337679
19	8	-0.328612
19	9	-0.319056
19	10	-0.30901
19	11	-0.298471
19	12	-0.28744
19	13	-0.275915
19	14	-0.263897
19	15	-0.251385
19	16	-0.238379
19	17	-0.22488
19	18	-0.210889
19	19	-0.196406
19	20	-0.181433
19	21	-0.16597
19	22	-0.15002
19	23	-0.133586
19	24	-0.11667
19	25	-0.0992771
19	26	-0.0814136
19	27	-0.0630896
19	28	-0.0443221
19	29	-0.0251453
19	30	-0.00565601
20	0	-0.387145
20	1	-0.380596
20	2	-0.373915
20	3	-0.366886
20	4	-0.359437
20	5	-0.351539
20	6	-0.343173
20	7	-0.33433
20	8	-0.325004
20	9	-0.315191
20	10	-0.304889
20	11	-0.294097
20	12	-0.282812
20	13	-0.271034
20	14	-0.258763
20	15	-0.246
20	16	-0.232743
20	17	-0.218994
20	18	-0.204753
20	19	-0.190022
20	20	-0.1748
20	21	-0.159091
20	22	-0.142895
20	23	-0.126216
20	24	-0.109058
20	25	-0.0914246
20	26	-0.0733247
20	27	-0.0547702
20	28	-0.0357831
20	29	-0.0164126
21	0	-0.385699
21	1	-0.378822
21	2	-0.371845
21	3	-0.364535
21	4	-0.356814
21	5	-0.348648
21	6	-0.340018
21	7	-0.330914
21	8	-0.321329
21	9	-0.311259
21	10	-0.300701
21	11	-0.289653
21	12	-0.278114
21	13	-0.266083
21	14	-0.25356
21	15	-0.240545
21	16	-0.227038
21	17	-0.213038
21	18	-0.198548
21	19	-0.183567
21	20	-0.168098
21	21	-0.152142
21	22	-0.135701
21	23	-0.118778
21	24	-0.101377
21	25	-0.083505
21	26	-0.0651703
21	27	-0.0463885
21	28	-0.0271888
21	29	-0.00764702
22	0	-0.384197
22	1	-0.376989
22	2	-0.369715
22	3	-0.362121
22	4	-0.354126
22	5	-0.345692
22	6	-0.336797
22	7	-0.327432
22	8	-0.317587
22	9	-0.307259
22	10	-0.296445
22	11	-0.285142
22	12	-0.273348
22	13	-0.261064
22	14	-0.248288
22	15	-0.235021
22	16	-0.221262
22	17	-0.207013
22	18	-0.192273
22	19	-0.177044
22	20	-0.161327
22	21	-0.145124
22	22	-0.128437
22	23	-0.111271
22	24	-0.0936288
22	25	-0.0755188
22	26	-0.0569516
22	27	-0.0379466
22	28	-0.0185445
23	0	-0.38264
23	1	-0.375098
23	2	-0.367524
23	3	-0.359646
23	4	-0.351376
23	5	-0.342672
23	6	-0.333512
23	7	-0.323883
23	8	-0.313779
23	9	-0.303192
23	10	-0.292121
23	11	-0.280562
23	12	-0.268514
23	13	-0.255976
23	14	-0.242947
23	15	-0.229428
23	16	-0.215418
23	17	-0.200918
23	18	-0.185928
23	19	-0.17045
23	20	-0.154486
23	21	-0.138036
23	22	-0.121105
23	23	-0.103695
23	24	-0.0858132
23	25	-0.0674668
23	26	-0.0486697
23	27	-0.0294471
23	28	-0.0098586
24	0	-0.381028
24	1	-0.373149
24	2	-0.365272
24	3	-0.357109
24	4	-0.348562
24	5	-0.339587
24	6	-0.330161
24	7	-0.320269
24	8	-0.309904
24	9	-0.299058
24	10	-0.287729
24	11	-0.275914
24	12	-0.263611
24	13	-0.250819
24	14	-0.237538
24	15	-0.223766
24	16	-0.209505
24	17	-0.194754
24	18	-0.179515
24	19	-0.163788
24	20	-0.147576
24	21	-0.13088
24	22	-0.113704
24	23	-0.0960523
24	24	-0.0779309
24	25	-0.0593499
24	26	-0.0403263
24	27	-0.0208939
24	28	-0.00114778
25	0	-0.37936
25	1	-0.371141
25	2	-0.362961
25	3	-0.35451
25	4	-0.345685
25	5	-0.336439
25	6	-0.326745
25	7	-0.31659
25	8	-0.305963
25	9	-0.294858
25	10	-0.283271
25	11	-0.271199
25	12	-0.258641
25	13	-0.245594
25	14	-0.232059
25	15	-0.218035
25	16	-0.203522
25	17	-0.188521
25	18	-0.173032
25	19	-0.157057
25	20	-0.140597
25	21	-0.123656
25	22	-0.106236
25	23	-0.0883421
25	24	-0.0699826
25	25	-0.0511693
25	26	-0.0319235
25	27	-0.0122929
26	0	-0.377637
26	1	-0.369076
26	2	-0.360589
26	3	-0.35185
26	4	-0.342746
26	5	-0.333227
26	6	-0.323265
26	7	-0.312845
26	8	-0.301955
26	9	-0.29059
26	10	-0.278745
26	11	-0.266417
26	12	-0.253602
26	13	-0.240301
26	14	-0.226513
26	15	-0.212236
26	16	-0.197472
26	17	-0.182219
26	18	-0.166481
26	19	-0.150257
26	20	-0.13355
26	21	-0.116363
26	22	-0.0986993
26	23	-0.0805651
26	24	-0.0619691
26	25	-0.0429261
26	26	-0.0234642
26	27	-0.00365424
27	0	-0.375859
27	1	-0.366952
27	2	-0.358158
27	3	-0.349128
27	4	-0.339744
27	5	-0.329951
27	6	-0.319721
27	7	-0.309035
27	8	-0.297883
27	9	-0.286257
27	10	-0.274153
27	11	-0.261567
27	12	-0.248497
27	13	-0.234941
27	14	-0.220898
27	15	-0.206369
27	16	-0.191352
27	17	-0.175849
27	18	-0.159861
27	19	-0.143389
27	20	-0.126435
27	21	-0.109003
27	22	-0.0910959
27	23	-0.0727219
27	24	-0.0538912
27	25	-0.034622
27	26	-0.0149525
28	0	-0.374025
28	1	-0.364771
28	2	-0.355668
28	3	-0.346345
28	4	-0.33668
28	5	-0.326612
28	6	-0.316112
28	7	-0.30516
28	8	-0.293744
28	9	-0.281857
28	10	-0.269494
28	11	-0.25665
28	12	-0.243324
28	13	-0.229512
28	14	-0.215216
28	15	-0.200433
28	16	-0.185165
28	17	-0.169411
28	18	-0.153173
28	19	-0.136453
28	20	-0.119252
28	21	-0.101575
28	22	-0.0834258
28	23	-0.0648133
28	24	-0.04575
28	25	-0.0262593
28	26	-0.00639493
29	0	-0.372137
29	1	-0.362533
29	2	-0.353118
29	3	-0.343502
29	4	-0.333553
29	5	-0.32321
29	6	-0.312439
29	7	-0.30122
29	8	-0.289541
29	9	-0.277392
29	10	-0.264769
29	11	-0.251667
29	12	-0.238083
29	13	-0.224017
29	14	-0.209466
29	15	-0.19443
29	16	-0.17891
29	17	-0.162905
29	18	-0.146417
29	19	-0.129449
29	20	-0.112001
29	21	-0.0940796
29	22	-0.0756894
29	23	-0.0568399
29	24	-0.0375468
29	25	-0.0178408
30	0	-0.370195
30	1	-0.360237
30	2	-0.350508
30	3	-0.340598
30	4	-0.330365
30	5	-0.319746
30	6	-0.308703
30	7	-0.297216
30	8	-0.285272
30	9	-0.272861
30	10	-0.259977
30	11	-0.246617
30	12	-0.232776
30	13	-0.218454
30	14	-0.203648
30	15	-0.188359
30	16	-0.172587
30	17	-0.156331
30	18	-0.139594
30	19	-0.122377
30	20	-0.104683
30	21	-0.0865179
30	22	-0.0678873
30	23	-0.0488025
30	24	-0.0292832
30	25	-0.00937076
31	0	-0.368197
31	1	-0.357884
31	2	-0.34784
31	3	-0.337633
31	4	-0.327116
31	5	-0.316218
31	6	-0.304903
31	7	-0.293148
31	8	-0.280938
31	9	-0.268264
31	10	-0.25512
31	11	-0.2415
31	12	-0.227402
31	13	-0.212824
31	14	-0.197764
31	15	-0.182221
31	16	-0.166196
31	17	-0.149689
31	18	-0.132703
31	19	-0.115238
31	20	-0.0972987
31	21	-0.0788901
31	22	-0.0600202
31	23	-0.0407023
31	24	-0.0209613
31	25	-0.000856012
32	0	-0.366145
32	1	-0.355473
32	2	-0.345113
32	3	-0.334608
32	4	-0.323804
32	5	-0.312628
32	6	-0.30104
32	7	-0.289015
32	8	-0.27654
32	9	-0.263603
32	10	-0.250197
32	11	-0.236318
32	12	-0.221962
32	13	-0.207127
32	14	-0.191812
32	15	-0.176015
32	16	-0.159738
32	17	-0.142981
32	18	-0.125744
32	19	-0.108032
32	20	-0.0898474
32	21	-0.0711964
32	22	-0.0520887
32	23	-0.0325404
32	24	-0.0125841
33	0	-0.364039
33	1	-0.353006
33	2	-0.342326
33	3	-0.331523
33	4	-0.320432
33	5	-0.308976
33	6	-0.297113
33	7	-0.284819
33	8	-0.272077
33	9	-0.258876
33	10	-0.245208
33	11	-0.231069
33	12	-0.216455
33	13	-0.201364
33	14	-0.185793
33	15	-0.169743
33	16	-0.153213
33	17	-0.136205
33	18	-0.118719
33	19	-0.100759
33	20	-0.0823299
33	21	-0.0634375
33	22	-0.0440936
33	23	-0.0243184
33	24	-0.00415577
34	0	-0.361877
34	1	-0.350482
34	2	-0.339482
34	3	-0.328378
34	4	-0.316998
34	5	-0.305261
34	6	-0.293124
34	7	-0.280559
34	8	-0.26755
34	9	-0.254084
34	10	-0.240154
34	11	-0.225755
34	12	-0.210883
34	13	-0.195534
34	14	-0.179708
34	15	-0.163404
34	16	-0.146621
34	17	-0.129362
34	18	-0.111627
34	19	-0.0934204
34	20	-0.0747467
34	21	-0.055614
34	22	-0.036036
34	23	-0.0160384
35	0	-0.359662
35	1	-0.347901
35	2	-0.336578
35	3	-0.325172
35	4	-0.313503
35	5	-0.301485
35	6	-0.289072
35	7	-0.276236
35	8	-0.262958
35	9	-0.249228
35	10	-0.235035
35	11	-0.220375
35	12	-0.205244
35	13	-0.189638
35	14	-0.173556
35	15	-0.156998
35	16	-0.139963
35	17	-0.122453
35	18	-0.104469
35	19	-0.0860154
35	20	-0.0670981
35	21	-0.0477265
35	22	-0.027917
35	23	-0.00770309
36	0	-0.357392
36	1	-0.345263
36	2	-0.333617
36	3	-0.321908
36	4	-0.309947
36	5	-0.297646
36	6	-0.284957
36	7	-0.271849
36	8	-0.258303
36	9	-0.244307
36	10	-0.229851
36	11	-0.21493
36	12	-0.19954
36	13	-0.183676
36	14	-0.167339
36	15	-0.150526
36	16	-0.133238
36	17	-0.115477
36	18	-0.0972443
36	19	-0.0785447
36	20	-0.0593848
36	21	-0.0397757
36	22	-0.019738
37	0	-0.355068
37	1	-0.342569
37	2	-0.330597
37	3	-0.318583
37	4	-0.30633
37	5	-0.293746
37	6	-0.280779
37	7	-0.267398
37	8	-0.253584
37	9	-0.239321
37	10	-0.224602
37	11	-0.20942
37	12	-0.19377
37	13	-0.177649
37	14	-0.161055
37	15	-0.143988
37	16	-0.126447
37	17	-0.108435
37	18	-0.089954
37	19	-0.0710087
37	20	-0.0516071
37	21	-0.0317626
37	22	-0.0115009
38	0	-0.352689
38	1	-0.339818
38	2	-0.327519
38	3	-0.315199
38	4	-0.302653
38	5	-0.289785
38	6	-0.276539
38	7	-0.262885
38	8	-0.248801
38	9	-0.234272
38	10	-0.219288
38	11	-0.203844
38	12	-0.187934
38	13	-0.171555
38	14	-0.154705
38	15	-0.137383
38	16	-0.11959
38	17	-0.101327
38	18	-0.0825982
38	19	-0.0634079
38	20	-0.0437657
38	21	-0.0236881
38	22	-0.00320829
39	0	-0.350257
39	1	-0.337011
39	2	-0.324383
39	3	-0.311755
39	4	-0.298916
39	5	-0.285762
39	6	-0.272237
39	7	-0.258309
39	8	-0.243954
39	9	-0.229158
39	10	-0.21391
39	11	-0.198204
39	12	-0.182034
39	13	-0.165396
39	14	-0.14829
39	15	-0.130713
39	16	-0.112668
39	17	-0.0941543
39	18	-0.0751772
39	19	-0.0557426
39	20	-0.0358614
39	21	-0.0155537
40	0	-0.34777
40	1	-0.334148
40	2	-0.321188
40	3	-0.308253
40	4	-0.295118
40	5	-0.281677
40	6	-0.267873
40	7	-0.25367
40	8	-0.239044
40	9	-0.22398
40	10	-0.208468
40	11	-0.192499
40	12	-0.176068
40	13	-0.159172
40	14	-0.141809
40	15	-0.123978
40	16	-0.105679
40	17	-0.0869157
40	18	-0.0676913
40	19	-0.0480133
40	20	-0.0278948
40	21	-0.007361
41	0	-0.345229
41	1	-0.331228
41	2	-0.317936
41	3	-0.304691
41	4	-0.291259
41	5	-0.277532
41	6	-0.263447
41	7	-0.248969
41	8	-0.234071
41	9	-0.218739
41	10	-0.202961
41	11	-0.186729
41	12	-0.170037
41	13	-0.152883
41	14	-0.135263
41	15	-0.117177
41	16	-0.0986258
41	17	-0.0796122
41	18	-0.0601409
41	19	-0.0402206
41	20	-0.019867
42	0	-0.342634
42	1	-0.328252
42	2	-0.314627
42	3	-0.30107
42	4	-0.287341
42	5	-0.273326
42	6	-0.25896
42	7	-0.244205
42	8	-0.229035
42	9	-0.213434
42	10	-0.19739
42	11	-0.180895
42	12	-0.163942
42	13	-0.146528
42	14	-0.128651
42	15	-0.110311
42	16	-0.0915072
42	17	-0.0722439
42	18	-0.0525265
42	19	-0.0323651
42	20	-0.0117791
43	0	-0.339986
43	1	-0.32522
43	2	-0.311259
43	3	-0.29739
43	4	-0.283363
43	5	-0.269058
43	6	-0.25441
43	7	-0.239378
43	8	-0.223936
43	9	-0.208066
43	10	-0.191756
43	11	-0.174996
43	12	-0.157782
43	13	-0.140109
43	14	-0.121975
43	15	-0.10338
43	16	-0.0843239
43	17	-0.0648113
43	18	-0.0448484
43	19	-0.0244476
43	20	-0.00363246
44	0	-0.337283
44	1	-0.322132
44	2	-0.307834
44	3	-0.293652
44	4	-0.279325
44	5	-0.26473
44	6	-0.249799
44	7	-0.23449
44	8	-0.218774
44	9	-0.202634
44	10	-0.186057
44	11	-0.169034
44	12	-0.151558
44	13	-0.133626
44	14	-0.115234
44	15	-0.0963841
44	16	-0.0770761
44	17	-0.0573145
44	18	-0.0371072
44	19	-0.0164687
45	0	-0.334526
45	1	-0.318988
45	2	-0.304352
45	3	-0.289854
45	4	-0.275227
45	5	-0.260342
45	6	-0.245127
45	7	-0.229539
45	8	-0.21355
45	9	-0.19714
45	10	-0.180295
45	11	-0.163008
45	12	-0.14527
45	13	-0.127078
45	14	-0.108429
45	15	-0.0893239
45	16	-0.069764
45	17	-0.049754
45	18	-0.0293033
45	19	-0.0084295
46	0	-0.331716
46	1	-0.315788
46	2	-0.300812
46	3	-0.285999
46	4	-0.271069
46	5	-0.255892
46	6	-0.240393
46	7	-0.224527
46	8	-0.208263
46	9	-0.191582
46	10	-0.17447
46	11	-0.156917
46	12	-0.138917
46	13	-0.120465
46	14	-0.101559
46	15	-0.0821995
46	16	-0.0623879
46	17	-0.0421302
46	18	-0.0214374
46	19	-0.000331193
47	0	-0.328852
47	1	-0.312533
47	2	-0.297215
47	3	-0.282084
47	4	-0.266852
47	5	-0.251383
47	6	-0.235598
47	7	-0.219452
47	8	-0.202914
47	9	-0.185961
47	10	-0.168581
47	11	-0.150764
47	12	-0.132501
47	13	-0.113789
47	14	-0.0946256
47	15	-0.0750111
47	16	-0.0549482
47	17	-0.0344435
47	18	-0.0135102
48	0	-0.325934
48	1	-0.309221
48	2	-0.293561
48	3	-0.278111
48	4	-0.262576
48	5	-0.246813
48	6	-0.230743
48	7	-0.214316
48	8	-0.197502
48	9	-0.180278
48	10	-0.16263
48	11	-0.144546
48	12	-0.126021
48	13	-0.107049
48	14	-0.0876279
48	15	-0.0677589
48	16	-0.0474451
48	17	-0.0266943
48	18	-0.00552241
49	0	-0.322962
49	1	-0.305854
49	2	-0.289849
49	3	-0.27408
49	4	-0.25824
49	5	-0.242183
49	6	-0.225826
49	7	-0.209119
49	8	-0.192028
49	9	-0.174532
49	10	-0.156615
49	11	-0.138266
49	12	-0.119477
49	13	-0.100245
49	14	-0.0805664
49	15	-0.0604432
49	16	-0.0398789
49	17	-0.0188832
50	0	-0.319937
50	1	-0.302432
50	2	-0.286081
50	3	-0.269991
50	4	-0.253845
50	5	-0.237493
50	6	-0.220848
50	7	-0.20386
50	8	-0.186492
50	9	-0.168724
50	10	-0.150537
50	11	-0.131922
50	12	-0.11287
50	13	-0.0933772
50	14	-0.0734415
50	15	-0.0530642
50	16	-0.0322501
50	17	-0.0110107
51	0	-0.316858
51	1	-0.298954
51	2	-0.282255
51	3	-0.265843
51	4	-0.249391
51	5	-0.232743
51	6	-0.21581
51	7	-0.198539
51	8	-0.180895
51	9	-0.162853
51	10	-0.144397
51	11	-0.125515
51	12	-0.1062
51	13	-0.0864463
51	14	-0.0662533
51	15	-0.0456222
51	16	-0.0245591
51	17	-0.00307746
52	0	-0.313726
52	1	-0.29542
52	2	-0.278373
52	3	-0.261638
52	4	-0.244878
52	5	-0.227933
52	6	-0.210711
52	7	-0.193158
52	8	-0.175236
52	9	-0.15692
52	10	-0.138194
52	11	-0.119045
52	12	-0.0994662
52	13	-0.0794523
52	14	-0.0590019
52	15	-0.0381175
52	16	-0.0168062
53	0	-0.31054
53	1	-0.291831
53	2	-0.274434
53	3	-0.257374
53	4	-0.240306
53	5	-0.223063
53	6	-0.205552
53	7	-0.187715
53	8	-0.169515
53	9	-0.150925
53	10	-0.131928
53	11	-0.112513
53	12	-0.0926698
53	13	-0.0723953
53	14	-0.0516878
53	15	-0.0305504
53	16	-0.00899186
54	0	-0.3073
54	1	-0.288186
54	2	-0.270438
54	3	-0.253053
54	4	-0.235675
54	5	-0.218134
54	6	-0.200332
54	7	-0.182211
54	8	-0.163732
54	9	-0.144868
54	10	-0.125601
54	11	-0.105918
54	12	-0.0858107
54	13	-0.0652754
54	14	-0.044311
54	15	-0.0229212
54	16	-0.00111674
55	0	-0.304007
55	1	-0.284487
55	2	-0.266385
55	3	-0.248673
55	4	-0.230985
55	5	-0.213145
55	6	-0.195052
55	7	-0.176647
55	8	-0.157888
55	9	-0.138749
55	10	-0.119211
55	11	-0.09926
55	12	-0.078889
55	13	-0.058093
55	14	-0.0368719
55	15	-0.0152304
56	0	-0.300661
56	1	-0.280731
56	2	-0.262276
56	3	-0.244236
56	4	-0.226237
56	5	-0.208096
56	6	-0.189712
56	7	-0.171022
56	8	-0.151983
56	9	-0.132568
56	10	-0.112759
56	11	-0.0925401
56	12	-0.0719048
56	13	-0.0508482
56	14	-0.0293707
56	15	-0.0074782
57	0	-0.297261
57	1	-0.276921
57	2	-0.25811
57	3	-0.239742
57	4	-0.22143
57	5	-0.202989
57	6	-0.184312
57	7	-0.165336
57	8	-0.146017
57	9	-0.126326
57	10	-0.106245
57	11	-0.0857581
57	12	-0.0648583
57	13	-0.0435413
57	14	-0.0218077
58	0	-0.293807
58	1	-0.273056
58	2	-0.253887
58	3	-0.235189
58	4	-0.216565
58	5	-0.197822
58	6	-0.178852
58	7	-0.159589
58	8	-0.139989
58	9	-0.120022
58	10	-0.0996687
58	11	-0.078914
58	12	-0.0577498
58	13	-0.0361723
58	14	-0.0141832
59	0	-0.290301
59	1	-0.269135
59	2	-0.249608
59	3	-0.230579
59	4	-0.211641
59	5	-0.192595
59	6	-0.173332
59	7	-0.153782
59	8	-0.133901
59	9	-0.113657
59	10	-0.0930312
59	11	-0.072008
59	12	-0.0505793
59	13	-0.0287416
59	14	-0.00649743
60	0	-0.28674
60	1	-0.265159
60	2	-0.245273
60	3	-0.225912
60	4	-0.206658
60	5	-0.18731
60	6	-0.167752
60	7	-0.147915
60	8	-0.127751
60	9	-0.107231
60	10	-0.0863322
60	11	-0.0650403
60	12	-0.043347
60	13	-0.0212493
61	0	-0.283127
61	1	-0.261129
61	2	-0.240882
61	3	-0.221188
61	4	-0.201618
61	5	-0.181965
61	6	-0.162112
61	7	-0.141987
61	8	-0.121541
61	9	-0.100744
61	10	-0.0795717
61	11	-0.058011
61	12	-0.0360532
61	13	-0.0136958
62	0	-0.279461
62	1	-0.257043
62	2	-0.236434
62	3	-0.216406
62	4	-0.196519
62	5	-0.176562
62	6	-0.156413
62	7	-0.135999
62	8	-0.115271
62	9	-0.0941952
62	10	-0.07275
62	11	-0.0509203
62	12	-0.028698
62	13	-0.00608126
63	0	-0.275741
63	1	-0.252902
63	2	-0.23193
63	3	-0.211566
63	4	-0.191362
63	5	-0.171099
63	6	-0.150655
63	7	-0.129951
63	8	-0.10894
63	9	-0.0875858
63	10	-0.065867
63	11	-0.0437684
63	12	-0.0212817
64	0	-0.271968
64	1	-0.248707
64	2	-0.227369
64	3	-0.20667
64	4	-0.186147
64	5	-0.165578
64	6	-0.144836
64	7	-0.123843
64	8	-0.102548
64	9	-0.0809157
64	10	-0.0589231
64	11	-0.0365553
64	12	-0.0138044
65	0	-0.268141
65	1	-0.244456
65	2	-0.222753
65	3	-0.201716
65	4	-0.180874
65	5	-0.159998
65	6	-0.138959
65	7	-0.117676
65	8	-0.096096
65	9	-0.0741848
65	10	-0.0519183
65	11	-0.0292812
65	12	-0.00626626
66	0	-0.264262
66	1	-0.240151
66	2	-0.218081
66	3	-0.196706
66	4	-0.175544
66	5	-0.15436
66	6	-0.133022
66	7	-0.111448
66	8	-0.0895838
66	9	-0.0673934
66	10	-0.0448527
66	11	-0.0219464
67	0	-0.260329
67	1	-0.235791
67	2	-0.213352
67	3	-0.191638
67	4	-0.170155
67	5	-0.148663
67	6	-0.127026
67	7	-0.105161
67	8	-0.0830114
67	9	-0.0605416
67	10	-0.0377265
67	11	-0.0145509
68	0	-0.256343
68	1	-0.231376
68	2	-0.208568
68	3	-0.186513
68	4	-0.164708
68	5	-0.142907
68	6	-0.120971
68	7	-0.0988137
68	8	-0.0763791
68	9	-0.0536294
68	10	-0.0305397
68	11	-0.00709504
69	0	-0.252304
69	1	-0.226907
69	2	-0.203728
69	3	-0.181332
69	4	-0.159204
69	5	-0.137093
69	6	-0.114857
69	7	-0.0924073
69	8	-0.0696868
69	9	-0.046657
69	10	-0.0232927
70	0	-0.248212
70	1	-0.222383
70	2	-0.198831
70	3	-0.176094
70	4	-0.153642
70	5	-0.131221
70	6	-0.108684
70	7	-0.0859414
70	8	-0.0629347
70	9	-0.0396245
70	10	-0.0159854
71	0	-0.244067
71	1	-0.217804
71	2	-0.193879
71	3	-0.170799
71	4	-0.148023
71	5	-0.12529
71	6	-0.102452
71	7	-0.0794162
71	8	-0.0561228
71	9	-0.0325321
71	10	-0.00861806
72	0	-0.239869
72	1	-0.21317
72	2	-0.188872
72	3	-0.165447
72	4	-0.142346
72	5	-0.119301
72	6	-0.0961613
72	7	-0.0728317
72	8	-0.0492513
72	9	-0.0253797
72	10	-0.0011908
73	0	-0.235618
73	1	-0.208482
73	2	-0.183808
73	3	-0.160038
73	4	-0.136612
73	5	-0.113255
73	6	-0.0898119
73	7	-0.066188
73	8	-0.0423203
73	9	-0.0181676
74	0	-0.231314
74	1	-0.20374
74	2	-0.178689
74	3	-0.154573
74	4	-0.13082
74	5	-0.107149
74	6	-0.0834039
74	7	-0.0594853
74	8	-0.0353299
74	9	-0.0108959
75	0	-0.226957
75	1	-0.198943
75	2	-0.173515
75	3	-0.149052
75	4	-0.124971
75	5	-0.100986
75	6	-0.0769373
75	7	-0.0527235
75	8	-0.0282801
75	9	-0.00356472
76	0	-0.222547
76	1	-0.194092
76	2	-0.168284
76	3	-0.143474
76	4	-0.119064
76	5	-0.0947654
76	6	-0.0704122
76	7	-0.0459028
76	8	-0.0211711
77	0	-0.218084
77	1	-0.189186
77	2	-0.162998
77	3	-0.137839
77	4	-0.113101
77	5	-0.0884865
77	6	-0.0638287
77	7	-0.0390233
77	8	-0.014003
78	0	-0.213568
78	1	-0.184226
78	2	-0.157657
78	3	-0.132148
78	4	-0.10708
78	5	-0.0821499
78	6	-0.0571869
78	7	-0.032085
78	8	-0.00677585
79	0	-0.209
79	1	-0.179211
79	2	-0.15226
79	3	-0.126401
79	4	-0.101002
79	5	-0.0757555
79	6	-0.0504869
79	7	-0.0250881
80	0	-0.204378
80	1	-0.174142
80	2	-0.146808
80	3	-0.120597
80	4	-0.0948668
80	5	-0.0693034
80	6	-0.0437286
80	7	-0.0180326
81	0	-0.199703
81	1	-0.169019
81	2	-0.1413
81	3	-0.114737
81	4	-0.0886748
81	5	-0.0627937
81	6	-0.0369122
81	7	-0.0109186
82	0	-0.194976
82	1	-0.163842
82	2	-0.135737
82	3	-0.108821
82	4	-0.0824259
82	5	-0.0562264
82	6	-0.0300378
82	7	-0.00374625
83	0	-0.190196
83	1	-0.15861
83	2	-0.130119
83	3	-0.102849
83	4	-0.0761201
83	5	-0.0496017
83	6	-0.0231054
84	0	-0.185363
84	1	-0.153324
84	2	-0.124446
84	3	-0.0968202
84	4	-0.0697574
84	5	-0.0429195
84	6	-0.0161151
85	0	-0.180477
85	1	-0.147984
85	2	-0.118717
85	3	-0.0907357
85	4	-0.063338
85	5	-0.03618
85	6	-0.00906705
