0	0	-0.403753
0	1	-0.402882
0	2	-0.402283
0	3	-0.401576
0	4	-0.400759
0	5	-0.399834
0	6	-0.3988
0	7	-0.397657
0	8	-0.396405
0	9	-0.395045
0	10	-0.393575
0	11	-0.391997
0	12	-0.39031
0	13	-0.388514
0	14	-0.386609
0	15	-0.384596
0	16	-0.382473
0	17	-0.380242
0	18	-0.377902
0	19	-0.375453
0	20	-0.372896
0	21	-0.370229
0	22	-0.367454
0	23	-0.36457
0	24	-0.361578
0	25	-0.358476
0	26	-0.355266
0	27	-0.351947
0	28	-0.34852
0	29	-0.344983
0	30	-0.341338
0	31	-0.337584
0	32	-0.333722
0	33	-0.329751
0	34	-0.325671
0	35	-0.321482
0	36	-0.317185
0	37	-0.31278
0	38	-0.308265
0	39	-0.303642
0	40	-0.298911
0	41	-0.294071
0	42	-0.289122
0	43	-0.284065
0	44	-0.278899
0	45	-0.273625
0	46	-0.268243
0	47	-0.262752
0	48	-0.257152
0	49	-0.251444
0	50	-0.245628
0	51	-0.239704
0	52	-0.233671
0	53	-0.227531
0	54	-0.221282
0	55	-0.214924
0	56	-0.208459
0	57	-0.201886
0	58	-0.195205
0	59	-0.188416
0	60	-0.181519
0	61	-0.174514
0	62	-0.167402
0	63	-0.160182
0	64	-0.152855
0	65	-0.145421
0	66	-0.137879
0	67	-0.130231
0	68	-0.122475
0	69	-0.114614
0	70	-0.106646
0	71	-0.0985715
0	72	-0.090392
0	73	-0.0821074
0	74	-0.0737184
0	75	-0.0652258
0	76	-0.0566307
0	77	-0.0479346
0	78	-0.0391398
0	79	-0.0302498
0	80	-0.0212713
0	81	-0.012219
0	82	-0.00314946
1	0	-0.403913
1	1	-0.403587
1	2	-0.402607
1	3	-0.401954
1	4	-0.401192
1	5	-0.400321
1	6	-0.399342
1	7	-0.398253
1	8	-0.397056
1	9	-0.39575
1	10	-0.394335
1	11	-0.392811
1	12	-0.391178
1	13	-0.389437
1	14	-0.387586
1	15	-0.385627
1	16	-0.383559
1	17	-0.381382
1	18	-0.379097
1	19	-0.376702
1	20	-0.374199
1	21	-0.371587
1	22	-0.368867
1	23	-0.366037
1	24	-0.363099
1	25	-0.360052
1	26	-0.356896
1	27	-0.353631
1	28	-0.350258
1	29	-0.346776
1	30	-0.343185
1	31	-0.339486
1	32	-0.335678
1	33	-0.331761
1	34	-0.327735
1	35	-0.323601
1	36	-0.319358
1	37	-0.315007
1	38	-0.310547
1	39	-0.305978
1	40	-0.301301
1	41	-0.296515
1	42	-0.291621
1	43	-0.286618
1	44	-0.281507
1	45	-0.276287
1	46	-0.270958
1	47	-0.265522
1	48	-0.259976
1	49	-0.254323
1	50	-0.248561
1	51	-0.242691
1	52	-0.236712
1	53	-0.230626
1	54	-0.224431
1	55	-0.218128
1	56	-0.211716
1	57	-0.205197
1	58	-0.19857
1	59	-0.191835
1	60	-0.184992
1	61	-0.178041
1	62	-0.170983
1	63	-0.163817
1	64	-0.156543
1	65	-0.149162
1	66	-0.141674
1	67	-0.134079
1	68	-0.126377
1	69	-0.118569
1	70	-0.110654
1	71	-0.102633
1	72	-0.0945059
1	73	-0.0862737
1	74	-0.0779368
1	75	-0.0694959
1	76	-0.0609519
1	77	-0.052306
1	78	-0.0435602
1	79	-0.0347172
1	80	-0.0257818
1	81	-0.0167635
1	82	-0.00768786
2	0	-0.403405
2	1	-0.402915
2	2	-0.402316
2	3	-0.401609
2	4	-0.400792
2	5	-0.399867
2	6	-0.398833
2	7	-0.39769
2	8	-0.396438
2	9	-0.395078
2	10	-0.393608
2	11	-0.39203
2	12	-0.390343
2	13	-0.388547
2	14	-0.386642
2	15	-0.384629
2	16	-0.382506
2	17	-0.380275
2	18	-0.377935
2	19	-0.375486
2	20	-0.372929
2	21	-0.370263
2	22	-0.367487
2	23	-0.364604
2	24	-0.361611
2	25	-0.358509
2	26	-0.355299
2	27	-0.35198
2	28	-0.348553
2	29	-0.345016
2	30	-0.341371
2	31	-0.337617
2	32	-0.333755
2	33	-0.329784
2	34	-0.325704
2	35	-0.321515
2	36	-0.317218
2	37	-0.312813
2	38	-0.308298
2	39	-0.303675
2	40	-0.298944
2	41	-0.294104
2	42	-0.289155
2	43	-0.284098
2	44	-0.278932
2	45	-0.273658
2	46	-0.268276
2	47	-0.262785
2	48	-0.257185
2	49	-0.251478
2	50	-0.245661
2	51	-0.239737
2	52	-0.233704
2	53	-0.227564
2	54	-0.221315
2	55	-0.214957
2	56	-0.208492
2	57	-0.201919
2	58	-0.195238
2	59	-0.188449
2	60	-0.181552
2	61	-0.174547
2	62	-0.167435
2	63	-0.160215
2	64	-0.152888
2	65	-0.145454
2	66	-0.137912
2	67	-0.130264
2	68	-0.122508
2	69	-0.114647
2	70	-0.106678
2	71	-0.0986044
2	72	-0.0904248
2	73	-0.0821402
2	74	-0.0737512
2	75	-0.0652585
2	76	-0.0566634
2	77	-0.0479672
2	78	-0.0391723
2	79	-0.0302822
2	80	-0.0213036
2	81	-0.0122509
2	82	-0.00318017
3	0	-0.403973
3	1	-0.403644
3	2	-0.403208
3	3	-0.402663
3	4	-0.40201
3	5	-0.401248
3	6	-0.400377
3	7	-0.399397
3	8	-0.398309
3	9	-0.397111
3	10	-0.395805
3	11	-0.39439
3	12	-0.392866
3	13	-0.391233
3	14	-0.389492
3	15	-0.387641
3	16	-0.385682
3	17	-0.383614
3	18	-0.381438
3	19	-0.379152
3	20	-0.376758
3	21	-0.374254
3	22	-0.371642
3	23	-0.368922
3	24	-0.366092
3	25	-0.363154
3	26	-0.360107
3	27	-0.356951
3	28	-0.353686
3	29	-0.350313
3	30	-0.346831
3	31	-0.34324
3	32	-0.339541
3	33	-0.335733
3	34	-0.331816
3	35	-0.327791
3	36	-0.323656
3	37	-0.319414
3	38	-0.315062
3	39	-0.310602
3	40	-0.306033
3	41	-0.301356
3	42	-0.29657
3	43	-0.291676
3	44	-0.286673
3	45	-0.281562
3	46	-0.276342
3	47	-0.271013
3	48	-0.265577
3	49	-0.260032
3	50	-0.254378
3	51	-0.248616
3	52	-0.242746
3	53	-0.236767
3	54	-0.230681
3	55	-0.224486
3	56	-0.218183
3	57	-0.211771
3	58	-0.205252
3	59	-0.198625
3	60	-0.19189
3	61	-0.185047
3	62	-0.178096
3	63	-0.171038
3	64	-0.163872
3	65	-0.156598
3	66	-0.149217
3	67	-0.141729
3	68	-0.134134
3	69	-0.126432
3	70	-0.118624
3	71	-0.110709
3	72	-0.102687
3	73	-0.0945606
3	74	-0.0863284
3	75	-0.0779915
3	76	-0.0695505
3	77	-0.0610064
3	78	-0.0523605
3	79	-0.0436145
3	80	-0.0347714
3	81	-0.0258358
3	82	-0.0168171
3	83	-0.00774056
4	0	-0.403873
4	1	-0.403487
4	2	-0.402995
4	3	-0.402396
4	4	-0.401687
4	5	-0.400871
4	6	-0.399945
4	7	-0.398911
4	8	-0.397768
4	9	-0.396516
4	10	-0.395155
4	11	-0.393686
4	12	-0.392108
4	13	-0.39042
4	14	-0.388625
4	15	-0.38672
4	16	-0.384706
4	17	-0.382584
4	18	-0.380353
4	19	-0.378013
4	20	-0.375564
4	21	-0.373006
4	22	-0.37034
4	23	-0.367565
4	24	-0.364681
4	25	-0.361688
4	26	-0.358587
4	27	-0.355376
4	28	-0.352058
4	29	-0.34863
4	30	-0.345094
4	31	-0.341448
4	32	-0.337695
4	33	-0.333832
4	34	-0.329861
4	35	-0.325781
4	36	-0.321593
4	37	-0.317296
4	38	-0.31289
4	39	-0.308375
4	40	-0.303752
4	41	-0.299021
4	42	-0.294181
4	43	-0.289232
4	44	-0.284175
4	45	-0.279009
4	46	-0.273735
4	47	-0.268353
4	48	-0.262862
4	49	-0.257262
4	50	-0.251555
4	51	-0.245739
4	52	-0.239814
4	53	-0.233782
4	54	-0.227641
4	55	-0.221392
4	56	-0.215035
4	57	-0.208569
4	58	-0.201996
4	59	-0.195315
4	60	-0.188526
4	61	-0.181629
4	62	-0.174624
4	63	-0.167512
4	64	-0.160292
4	65	-0.152965
4	66	-0.145531
4	67	-0.137989
4	68	-0.13034
4	69	-0.122585
4	70	-0.114723
4	71	-0.106755
4	72	-0.098681
4	73	-0.0905014
4	74	-0.0822167
4	75	-0.0738276
4	76	-0.0653349
4	77	-0.0567396
4	78	-0.0480434
4	79	-0.0392483
4	80	-0.030358
4	81	-0.0213789
4	82	-0.0123255
4	83	-0.00325193
5	0	-0.403315
5	1	-0.402768
5	2	-0.402113
5	3	-0.40135
5	4	-0.400478
5	5	-0.399498
5	6	-0.398409
5	7	-0.397211
5	8	-0.395905
5	9	-0.39449
5	10	-0.392966
5	11	-0.391333
5	12	-0.389592
5	13	-0.387741
5	14	-0.385782
5	15	-0.383714
5	16	-0.381537
5	17	-0.379252
5	18	-0.376857
5	19	-0.374354
5	20	-0.371742
5	21	-0.369021
5	22	-0.366192
5	23	-0.363253
5	24	-0.360206
5	25	-0.35705
5	26	-0.353786
5	27	-0.350413
5	28	-0.34693
5	29	-0.34334
5	30	-0.33964
5	31	-0.335832
5	32	-0.331915
5	33	-0.32789
5	34	-0.323756
5	35	-0.319513
5	36	-0.315161
5	37	-0.310701
5	38	-0.306133
5	39	-0.301455
5	40	-0.29667
5	41	-0.291775
5	42	-0.286772
5	43	-0.281661
5	44	-0.276441
5	45	-0.271113
5	46	-0.265676
5	47	-0.260131
5	48	-0.254477
5	49	-0.248715
5	50	-0.242845
5	51	-0.236866
5	52	-0.23078
5	53	-0.224585
5	54	-0.218282
5	55	-0.21187
5	56	-0.205351
5	57	-0.198724
5	58	-0.191989
5	59	-0.185146
5	60	-0.178195
5	61	-0.171137
5	62	-0.163971
5	63	-0.156697
5	64	-0.149316
5	65	-0.141828
5	66	-0.134233
5	67	-0.126531
5	68	-0.118722
5	69	-0.110807
5	70	-0.102786
5	71	-0.0946591
5	72	-0.0864268
5	73	-0.0780898
5	74	-0.0696487
5	75	-0.0611045
5	76	-0.0524585
5	77	-0.0437123
5	78	-0.0348689
5	79	-0.0259329
5	80	-0.0169136
5	81	-0.00783548
6	0	-0.403633
6	1	-0.403129
6	2	-0.402525
6	3	-0.401814
6	4	-0.400996
6	5	-0.40007
6	6	-0.399035
6	7	-0.397891
6	8	-0.396639
6	9	-0.395278
6	10	-0.393809
6	11	-0.39223
6	12	-0.390543
6	13	-0.388747
6	14	-0.386842
6	15	-0.384828
6	16	-0.382706
6	17	-0.380474
6	18	-0.378134
6	19	-0.375686
6	20	-0.373128
6	21	-0.370462
6	22	-0.367686
6	23	-0.364802
6	24	-0.36181
6	25	-0.358708
6	26	-0.355498
6	27	-0.352179
6	28	-0.348751
6	29	-0.345215
6	30	-0.34157
6	31	-0.337816
6	32	-0.333954
6	33	-0.329982
6	34	-0.325903
6	35	-0.321714
6	36	-0.317417
6	37	-0.313011
6	38	-0.308497
6	39	-0.303874
6	40	-0.299142
6	41	-0.294302
6	42	-0.289353
6	43	-0.284296
6	44	-0.279131
6	45	-0.273856
6	46	-0.268474
6	47	-0.262983
6	48	-0.257384
6	49	-0.251676
6	50	-0.24586
6	51	-0.239935
6	52	-0.233903
6	53	-0.227762
6	54	-0.221513
6	55	-0.215156
6	56	-0.20869
6	57	-0.202117
6	58	-0.195436
6	59	-0.188647
6	60	-0.18175
6	61	-0.174745
6	62	-0.167633
6	63	-0.160413
6	64	-0.153086
6	65	-0.145651
6	66	-0.13811
6	67	-0.130461
6	68	-0.122706
6	69	-0.114844
6	70	-0.106876
6	71	-0.0988015
6	72	-0.0906218
6	73	-0.082337
6	74	-0.0739478
6	75	-0.0654549
6	76	-0.0568595
6	77	-0.048163
6	78	-0.0393677
6	79	-0.030477
6	80	-0.0214973
6	81	-0.0124428
6	82	-0.00336495
7	0	-0.403493
7	1	-0.402929
7	2	-0.402268
7	3	-0.401501
7	4	-0.400628
7	5	-0.399646
7	6	-0.398556
7	7	-0.397358
7	8	-0.396051
7	9	-0.394636
7	10	-0.393111
7	11	-0.391478
7	12	-0.389736
7	13	-0.387886
7	14	-0.385927
7	15	-0.383858
7	16	-0.381681
7	17	-0.379396
7	18	-0.377001
7	19	-0.374498
7	20	-0.371886
7	21	-0.369165
7	22	-0.366335
7	23	-0.363397
7	24	-0.36035
7	25	-0.357194
7	26	-0.35393
7	27	-0.350556
7	28	-0.347074
7	29	-0.343483
7	30	-0.339784
7	31	-0.335976
7	32	-0.332059
7	33	-0.328033
7	34	-0.323899
7	35	-0.319656
7	36	-0.315305
7	37	-0.310845
7	38	-0.306276
7	39	-0.301599
7	40	-0.296813
7	41	-0.291919
7	42	-0.286916
7	43	-0.281804
7	44	-0.276584
7	45	-0.271256
7	46	-0.265819
7	47	-0.260274
7	48	-0.25462
7	49	-0.248858
7	50	-0.242988
7	51	-0.23701
7	52	-0.230923
7	53	-0.224728
7	54	-0.218425
7	55	-0.212014
7	56	-0.205494
7	57	-0.198867
7	58	-0.192132
7	59	-0.185289
7	60	-0.178338
7	61	-0.17128
7	62	-0.164113
7	63	-0.15684
7	64	-0.149459
7	65	-0.141971
7	66	-0.134376
7	67	-0.126674
7	68	-0.118865
7	69	-0.11095
7	70	-0.102928
7	71	-0.0948014
7	72	-0.0865691
7	73	-0.0782319
7	74	-0.0697907
7	75	-0.0612463
7	76	-0.0526
7	77	-0.0438536
7	78	-0.0350099
7	79	-0.0260733
7	80	-0.017053
7	81	-0.00797271
8	0	-0.402715
8	1	-0.401996
8	2	-0.401173
8	3	-0.400244
8	4	-0.399207
8	5	-0.398063
8	6	-0.396809
8	7	-0.395448
8	8	-0.393977
8	9	-0.392398
8	10	-0.390711
8	11	-0.388914
8	12	-0.387009
8	13	-0.384995
8	14	-0.382873
8	15	-0.380641
8	16	-0.378301
8	17	-0.375852
8	18	-0.373294
8	19	-0.370628
8	20	-0.367853
8	21	-0.364969
8	22	-0.361976
8	23	-0.358874
8	24	-0.355664
8	25	-0.352345
8	26	-0.348917
8	27	-0.345381
8	28	-0.341736
8	29	-0.337982
8	30	-0.334119
8	31	-0.330148
8	32	-0.326068
8	33	-0.32188
8	34	-0.317583
8	35	-0.313177
8	36	-0.308662
8	37	-0.304039
8	38	-0.299308
8	39	-0.294468
8	40	-0.289519
8	41	-0.284462
8	42	-0.279296
8	43	-0.274022
8	44	-0.268639
8	45	-0.263148
8	46	-0.257549
8	47	-0.251841
8	48	-0.246025
8	49	-0.240101
8	50	-0.234068
8	51	-0.227927
8	52	-0.221678
8	53	-0.215321
8	54	-0.208855
8	55	-0.202282
8	56	-0.195601
8	57	-0.188812
8	58	-0.181915
8	59	-0.17491
8	60	-0.167798
8	61	-0.160578
8	62	-0.153251
8	63	-0.145816
8	64	-0.138274
8	65	-0.130626
8	66	-0.12287
8	67	-0.115008
8	68	-0.10704
8	69	-0.0989658
8	70	-0.090786
8	71	-0.0825011
8	72	-0.0741117
8	73	-0.0656187
8	74	-0.0570231
8	75	-0.0483263
8	76	-0.0395306
8	77	-0.0306394
8	78	-0.0216589
8	79	-0.0126028
8	80	-0.00351954
9	0	-0.403175
9	1	-0.402488
9	2	-0.40171
9	3	-0.400831
9	4	-0.399846
9	5	-0.398753
9	6	-0.397553
9	7	-0.396245
9	8	-0.394829
9	9	-0.393303
9	10	-0.39167
9	11	-0.389927
9	12	-0.388076
9	13	-0.386117
9	14	-0.384048
9	15	-0.381871
9	16	-0.379585
9	17	-0.377191
9	18	-0.374687
9	19	-0.372075
9	20	-0.369354
9	21	-0.366524
9	22	-0.363586
9	23	-0.360539
9	24	-0.357383
9	25	-0.354118
9	26	-0.350745
9	27	-0.347262
9	28	-0.343672
9	29	-0.339972
9	30	-0.336164
9	31	-0.332247
9	32	-0.328221
9	33	-0.324087
9	34	-0.319844
9	35	-0.315493
9	36	-0.311033
9	37	-0.306464
9	38	-0.301787
9	39	-0.297001
9	40	-0.292106
9	41	-0.287103
9	42	-0.281992
9	43	-0.276772
9	44	-0.271444
9	45	-0.266007
9	46	-0.260461
9	47	-0.254808
9	48	-0.249046
9	49	-0.243176
9	50	-0.237197
9	51	-0.23111
9	52	-0.224915
9	53	-0.218612
9	54	-0.212201
9	55	-0.205681
9	56	-0.199054
9	57	-0.192319
9	58	-0.185476
9	59	-0.178525
9	60	-0.171466
9	61	-0.1643
9	62	-0.157027
9	63	-0.149646
9	64	-0.142158
9	65	-0.134562
9	66	-0.12686
9	67	-0.119051
9	68	-0.111136
9	69	-0.103115
9	70	-0.0949876
9	71	-0.0867551
9	72	-0.0784178
9	73	-0.0699764
9	74	-0.0614318
9	75	-0.0527853
9	76	-0.0440385
9	77	-0.0351942
9	78	-0.026257
9	79	-0.0172355
9	80	-0.00815238
10	0	-0.402996
10	1	-0.402246
10	2	-0.40141
10	3	-0.400474
10	4	-0.399432
10	5	-0.398284
10	6	-0.397029
10	7	-0.395666
10	8	-0.394194
10	9	-0.392614
10	10	-0.390926
10	11	-0.389129
10	12	-0.387223
10	13	-0.385209
10	14	-0.383086
10	15	-0.380854
10	16	-0.378513
10	17	-0.376064
10	18	-0.373506
10	19	-0.37084
10	20	-0.368064
10	21	-0.36518
10	22	-0.362187
10	23	-0.359085
10	24	-0.355875
10	25	-0.352556
10	26	-0.349128
10	27	-0.345592
10	28	-0.341946
10	29	-0.338192
10	30	-0.33433
10	31	-0.330358
10	32	-0.326279
10	33	-0.32209
10	34	-0.317793
10	35	-0.313387
10	36	-0.308872
10	37	-0.304249
10	38	-0.299518
10	39	-0.294678
10	40	-0.289729
10	41	-0.284672
10	42	-0.279506
10	43	-0.274232
10	44	-0.268849
10	45	-0.263358
10	46	-0.257759
10	47	-0.252051
10	48	-0.246235
10	49	-0.24031
10	50	-0.234277
10	51	-0.228136
10	52	-0.221887
10	53	-0.21553
10	54	-0.209065
10	55	-0.202491
10	56	-0.19581
10	57	-0.189021
10	58	-0.182124
10	59	-0.175119
10	60	-0.168007
10	61	-0.160787
10	62	-0.15346
10	63	-0.146025
10	64	-0.138483
10	65	-0.130834
10	66	-0.123079
10	67	-0.115217
10	68	-0.107248
10	69	-0.099174
10	70	-0.090994
10	71	-0.082709
10	72	-0.0743194
10	73	-0.0658262
10	74	-0.0572303
10	75	-0.0485332
10	76	-0.039737
10	77	-0.0308451
10	78	-0.0218637
10	79	-0.0128057
10	80	-0.00371605
11	0	-0.402805
11	1	-0.401992
11	2	-0.401096
11	3	-0.400102
11	4	-0.399004
11	5	-0.3978
11	6	-0.396489
11	7	-0.395071
11	8	-0.393544
11	9	-0.391909
11	10	-0.390166
11	11	-0.388314
11	12	-0.386354
11	13	-0.384285
11	14	-0.382107
11	15	-0.379821
11	16	-0.377426
11	17	-0.374922
11	18	-0.372309
11	19	-0.369588
11	20	-0.366758
11	21	-0.36382
11	22	-0.360772
11	23	-0.357616
11	24	-0.354351
11	25	-0.350978
11	26	-0.347496
11	27	-0.343905
11	28	-0.340205
11	29	-0.336397
11	30	-0.33248
11	31	-0.328454
11	32	-0.32432
11	33	-0.320077
11	34	-0.315725
11	35	-0.311265
11	36	-0.306696
11	37	-0.302019
11	38	-0.297233
11	39	-0.292338
11	40	-0.287335
11	41	-0.282224
11	42	-0.277004
11	43	-0.271675
11	44	-0.266239
11	45	-0.260693
11	46	-0.25504
11	47	-0.249278
11	48	-0.243407
11	49	-0.237429
11	50	-0.231342
11	51	-0.225147
11	52	-0.218844
11	53	-0.212432
11	54	-0.205913
11	55	-0.199285
11	56	-0.19255
11	57	-0.185707
11	58	-0.178756
11	59	-0.171698
11	60	-0.164531
11	61	-0.157258
11	62	-0.149877
11	63	-0.142388
11	64	-0.134793
11	65	-0.127091
11	66	-0.119282
11	67	-0.111367
11	68	-0.103345
11	69	-0.0952177
11	70	-0.0869851
11	71	-0.0786476
11	72	-0.070206
11	73	-0.0616611
11	74	-0.0530142
11	75	-0.044267
11	76	-0.0354221
11	77	-0.026484
11	78	-0.017461
11	79	-0.00837467
12	0	-0.402602
12	1	-0.401723
12	2	-0.400768
12	3	-0.399716
12	4	-0.398562
12	5	-0.397302
12	6	-0.395935
12	7	-0.394461
12	8	-0.392879
12	9	-0.391189
12	10	-0.389391
12	11	-0.387484
12	12	-0.385469
12	13	-0.383345
12	14	-0.381113
12	15	-0.378772
12	16	-0.376322
12	17	-0.373764
12	18	-0.371097
12	19	-0.368321
12	20	-0.365437
12	21	-0.362444
12	22	-0.359342
12	23	-0.356131
12	24	-0.352812
12	25	-0.349384
12	26	-0.345847
12	27	-0.342202
12	28	-0.338448
12	29	-0.334585
12	30	-0.330614
12	31	-0.326534
12	32	-0.322345
12	33	-0.318048
12	34	-0.313642
12	35	-0.309127
12	36	-0.304504
12	37	-0.299772
12	38	-0.294932
12	39	-0.289983
12	40	-0.284926
12	41	-0.27976
12	42	-0.274486
12	43	-0.269103
12	44	-0.263612
12	45	-0.258013
12	46	-0.252305
12	47	-0.246488
12	48	-0.240564
12	49	-0.234531
12	50	-0.22839
12	51	-0.222141
12	52	-0.215784
12	53	-0.209318
12	54	-0.202745
12	55	-0.196064
12	56	-0.189274
12	57	-0.182377
12	58	-0.175372
12	59	-0.16826
12	60	-0.16104
12	61	-0.153713
12	62	-0.146278
12	63	-0.138736
12	64	-0.131087
12	65	-0.123331
12	66	-0.115469
12	67	-0.107501
12	68	-0.0994262
12	69	-0.091246
12	70	-0.0829608
12	71	-0.074571
12	72	-0.0660775
12	73	-0.0574812
12	74	-0.0487837
12	75	-0.039987
12	76	-0.0310944
12	77	-0.0221117
12	78	-0.0130515
12	79	-0.00395486
13	0	-0.402385
13	1	-0.401442
13	2	-0.400426
13	3	-0.399316
13	4	-0.398104
13	5	-0.396788
13	6	-0.395365
13	7	-0.393836
13	8	-0.392199
13	9	-0.390454
13	10	-0.3886
13	11	-0.386639
13	12	-0.384569
13	13	-0.38239
13	14	-0.380103
13	15	-0.377707
13	16	-0.375203
13	17	-0.37259
13	18	-0.369869
13	19	-0.367038
13	20	-0.364099
13	21	-0.361052
13	22	-0.357895
13	23	-0.35463
13	24	-0.351256
13	25	-0.347774
13	26	-0.344183
13	27	-0.340483
13	28	-0.336675
13	29	-0.332757
13	30	-0.328732
13	31	-0.324597
13	32	-0.320354
13	33	-0.316002
13	34	-0.311542
13	35	-0.306973
13	36	-0.302296
13	37	-0.29751
13	38	-0.292615
13	39	-0.287612
13	40	-0.282501
13	41	-0.27728
13	42	-0.271952
13	43	-0.266515
13	44	-0.26097
13	45	-0.255316
13	46	-0.249554
13	47	-0.243683
13	48	-0.237705
13	49	-0.231618
13	50	-0.225423
13	51	-0.219119
13	52	-0.212708
13	53	-0.206189
13	54	-0.199561
13	55	-0.192826
13	56	-0.185983
13	57	-0.179032
13	58	-0.171973
13	59	-0.164807
13	60	-0.157533
13	61	-0.150152
13	62	-0.142663
13	63	-0.135068
13	64	-0.127366
13	65	-0.119556
13	66	-0.111641
13	67	-0.103619
13	68	-0.0954918
13	69	-0.087259
13	70	-0.0789213
13	71	-0.0704794
13	72	-0.0619342
13	73	-0.0532868
13	74	-0.0445391
13	75	-0.0356936
13	76	-0.0267544
13	77	-0.0177298
13	78	-0.00863974
14	0	-0.402157
14	1	-0.401147
14	2	-0.40007
14	3	-0.398902
14	4	-0.397633
14	5	-0.39626
14	6	-0.394781
14	7	-0.393196
14	8	-0.391503
14	9	-0.389703
14	10	-0.387794
14	11	-0.385778
14	12	-0.383653
14	13	-0.38142
14	14	-0.379078
14	15	-0.376627
14	16	-0.374068
14	17	-0.371401
14	18	-0.368625
14	19	-0.36574
14	20	-0.362746
14	21	-0.359644
14	22	-0.356433
14	23	-0.353113
14	24	-0.349685
14	25	-0.346148
14	26	-0.342503
14	27	-0.338748
14	28	-0.334885
14	29	-0.330914
14	30	-0.326834
14	31	-0.322645
14	32	-0.318347
14	33	-0.313941
14	34	-0.309427
14	35	-0.304803
14	36	-0.300072
14	37	-0.295231
14	38	-0.290282
14	39	-0.285225
14	40	-0.280059
14	41	-0.274785
14	42	-0.269402
14	43	-0.263911
14	44	-0.258311
14	45	-0.252603
14	46	-0.246787
14	47	-0.240862
14	48	-0.234829
14	49	-0.228688
14	50	-0.222439
14	51	-0.216082
14	52	-0.209616
14	53	-0.203043
14	54	-0.196361
14	55	-0.189572
14	56	-0.182675
14	57	-0.17567
14	58	-0.168557
14	59	-0.161337
14	60	-0.15401
14	61	-0.146575
14	62	-0.139033
14	63	-0.131384
14	64	-0.123628
14	65	-0.115766
14	66	-0.107797
14	67	-0.0997224
14	68	-0.0915421
14	69	-0.0832566
14	70	-0.0748665
14	71	-0.0663727
14	72	-0.0577761
14	73	-0.049078
14	74	-0.0402807
14	75	-0.0313872
14	76	-0.0224032
14	77	-0.0133405
14	78	-0.00423634
15	0	-0.401916
15	1	-0.400839
15	2	-0.399701
15	3	-0.398474
15	4	-0.397147
15	5	-0.395717
15	6	-0.394182
15	7	-0.392541
15	8	-0.390793
15	9	-0.388937
15	10	-0.386973
15	11	-0.384902
15	12	-0.382722
15	13	-0.380434
15	14	-0.378037
15	15	-0.375532
15	16	-0.372918
15	17	-0.370196
15	18	-0.367365
15	19	-0.364425
15	20	-0.361377
15	21	-0.35822
15	22	-0.354955
15	23	-0.351581
15	24	-0.348098
15	25	-0.344507
15	26	-0.340807
15	27	-0.336998
15	28	-0.333081
15	29	-0.329055
15	30	-0.32492
15	31	-0.320677
15	32	-0.316325
15	33	-0.311864
15	34	-0.307295
15	35	-0.302618
15	36	-0.297832
15	37	-0.292937
15	38	-0.287934
15	39	-0.282822
15	40	-0.277602
15	41	-0.272273
15	42	-0.266836
15	43	-0.261291
15	44	-0.255637
15	45	-0.249875
15	46	-0.244004
15	47	-0.238025
15	48	-0.231938
15	49	-0.225743
15	50	-0.21944
15	51	-0.213028
15	52	-0.206509
15	53	-0.199881
15	54	-0.193146
15	55	-0.186302
15	56	-0.179351
15	57	-0.172293
15	58	-0.165126
15	59	-0.157852
15	60	-0.150471
15	61	-0.142983
15	62	-0.135387
15	63	-0.127684
15	64	-0.119875
15	65	-0.11196
15	66	-0.103938
15	67	-0.09581
15	68	-0.0875769
15	69	-0.0792389
15	70	-0.0707967
15	71	-0.0622511
15	72	-0.0536033
15	73	-0.044855
15	74	-0.0360087
15	75	-0.0270684
15	76	-0.0180419
15	77	-0.00894781
16	0	-0.401663
16	1	-0.400518
16	2	-0.399318
16	3	-0.398031
16	4	-0.396647
16	5	-0.39516
16	6	-0.393569
16	7	-0.391871
16	8	-0.390067
16	9	-0.388156
16	10	-0.386137
16	11	-0.38401
16	12	-0.381775
16	13	-0.379432
16	14	-0.376981
16	15	-0.374421
16	16	-0.371752
16	17	-0.368975
16	18	-0.36609
16	19	-0.363095
16	20	-0.359993
16	21	-0.356781
16	22	-0.353461
16	23	-0.350033
16	24	-0.346495
16	25	-0.342849
16	26	-0.339095
16	27	-0.335232
16	28	-0.33126
16	29	-0.327179
16	30	-0.32299
16	31	-0.318693
16	32	-0.314286
16	33	-0.309771
16	34	-0.305148
16	35	-0.300416
16	36	-0.295576
16	37	-0.290627
16	38	-0.285569
16	39	-0.280403
16	40	-0.275129
16	41	-0.269746
16	42	-0.264254
16	43	-0.258655
16	44	-0.252946
16	45	-0.24713
16	46	-0.241205
16	47	-0.235172
16	48	-0.229031
16	49	-0.222782
16	50	-0.216424
16	51	-0.209959
16	52	-0.203385
16	53	-0.196704
16	54	-0.189914
16	55	-0.183017
16	56	-0.176012
16	57	-0.168899
16	58	-0.161679
16	59	-0.154351
16	60	-0.146916
16	61	-0.139374
16	62	-0.131725
16	63	-0.123969
16	64	-0.116107
16	65	-0.108138
16	66	-0.100063
16	67	-0.0918822
16	68	-0.0835964
16	69	-0.0752061
16	70	-0.0667119
16	71	-0.0581148
16	72	-0.0494162
16	73	-0.0406181
16	74	-0.0317236
16	75	-0.0227381
16	76	-0.0136727
16	77	-0.00456084
17	0	-0.401397
17	1	-0.400184
17	2	-0.398922
17	3	-0.397575
17	4	-0.396132
17	5	-0.394588
17	6	-0.39294
17	7	-0.391187
17	8	-0.389327
17	9	-0.38736
17	10	-0.385286
17	11	-0.383104
17	12	-0.380814
17	13	-0.378415
17	14	-0.375909
17	15	-0.373294
17	16	-0.370571
17	17	-0.367739
17	18	-0.364799
17	19	-0.36175
17	20	-0.358592
17	21	-0.355326
17	22	-0.351952
17	23	-0.348469
17	24	-0.344877
17	25	-0.341176
17	26	-0.337367
17	27	-0.333449
17	28	-0.329423
17	29	-0.325288
17	30	-0.321045
17	31	-0.316693
17	32	-0.312232
17	33	-0.307663
17	34	-0.302985
17	35	-0.298199
17	36	-0.293304
17	37	-0.2883
17	38	-0.283188
17	39	-0.277968
17	40	-0.272639
17	41	-0.267202
17	42	-0.261657
17	43	-0.256003
17	44	-0.25024
17	45	-0.24437
17	46	-0.238391
17	47	-0.232304
17	48	-0.226108
17	49	-0.219805
17	50	-0.213393
17	51	-0.206873
17	52	-0.200246
17	53	-0.19351
17	54	-0.186667
17	55	-0.179716
17	56	-0.172657
17	57	-0.16549
17	58	-0.158216
17	59	-0.150835
17	60	-0.143346
17	61	-0.13575
17	62	-0.128048
17	63	-0.120238
17	64	-0.112322
17	65	-0.1043
17	66	-0.0961724
17	67	-0.087939
17	68	-0.0796007
17	69	-0.0711581
17	70	-0.0626121
17	71	-0.0539638
17	72	-0.0452148
17	73	-0.0363676
17	74	-0.027426
17	75	-0.0183974
17	76	-0.00929908
17	77	-0.000212088
18	0	-0.401119
18	1	-0.399837
18	2	-0.398512
18	3	-0.397105
18	4	-0.395604
18	5	-0.394002
18	6	-0.392298
18	7	-0.390488
18	8	-0.388572
18	9	-0.386549
18	10	-0.38442
18	11	-0.382182
18	12	-0.379837
18	13	-0.377383
18	14	-0.374822
18	15	-0.372152
18	16	-0.369374
18	17	-0.366487
18	18	-0.363492
18	19	-0.360389
18	20	-0.357177
18	21	-0.353856
18	22	-0.350427
18	23	-0.346889
18	24	-0.343242
18	25	-0.339487
18	26	-0.335624
18	27	-0.331652
18	28	-0.327571
18	29	-0.323381
18	30	-0.319083
18	31	-0.314677
18	32	-0.310162
18	33	-0.305538
18	34	-0.300806
18	35	-0.295965
18	36	-0.291016
18	37	-0.285958
18	38	-0.280792
18	39	-0.275517
18	40	-0.270134
18	41	-0.264643
18	42	-0.259043
18	43	-0.253335
18	44	-0.247518
18	45	-0.241593
18	46	-0.23556
18	47	-0.229419
18	48	-0.223169
18	49	-0.216812
18	50	-0.210346
18	51	-0.203772
18	52	-0.197091
18	53	-0.190301
18	54	-0.183404
18	55	-0.176398
18	56	-0.169286
18	57	-0.162065
18	58	-0.154737
18	59	-0.147302
18	60	-0.13976
18	61	-0.132111
18	62	-0.124354
18	63	-0.116492
18	64	-0.108523
18	65	-0.100447
18	66	-0.0922666
18	67	-0.0839805
18	68	-0.0755898
18	69	-0.0670951
18	70	-0.0584975
18	71	-0.0497983
18	72	-0.0409994
18	73	-0.0321038
18	74	-0.0231166
18	75	-0.0140483
18	76	-0.00492869
19	0	-0.40083
19	1	-0.399477
19	2	-0.398089
19	3	-0.396622
19	4	-0.395062
19	5	-0.393402
19	6	-0.39164
19	7	-0.389774
19	8	-0.387802
19	9	-0.385724
19	10	-0.383538
19	11	-0.381245
19	12	-0.378845
19	13	-0.376336
19	14	-0.37372
19	15	-0.370995
19	16	-0.368162
19	17	-0.36522
19	18	-0.36217
19	19	-0.359012
19	20	-0.355745
19	21	-0.35237
19	22	-0.348886
19	23	-0.345293
19	24	-0.341592
19	25	-0.337783
19	26	-0.333865
19	27	-0.329838
19	28	-0.325703
19	29	-0.321459
19	30	-0.317106
19	31	-0.312645
19	32	-0.308076
19	33	-0.303398
19	34	-0.298611
19	35	-0.293716
19	36	-0.288712
19	37	-0.2836
19	38	-0.27838
19	39	-0.273051
19	40	-0.267613
19	41	-0.262067
19	42	-0.256413
19	43	-0.250651
19	44	-0.24478
19	45	-0.238801
19	46	-0.232714
19	47	-0.226518
19	48	-0.220215
19	49	-0.213803
19	50	-0.207283
19	51	-0.200655
19	52	-0.193919
19	53	-0.187076
19	54	-0.180125
19	55	-0.173065
19	56	-0.165899
19	57	-0.158625
19	58	-0.151243
19	59	-0.143754
19	60	-0.136158
19	61	-0.128455
19	62	-0.120646
19	63	-0.11273
19	64	-0.104707
19	65	-0.096579
19	66	-0.0883453
19	67	-0.0800067
19	68	-0.0715637
19	69	-0.0630172
19	70	-0.0543683
19	71	-0.0456185
19	72	-0.0367703
19	73	-0.0278274
19	74	-0.0187966
19	75	-0.00969377
19	76	-0.000585082
20	0	-0.400527
20	1	-0.399104
20	2	-0.397652
20	3	-0.396124
20	4	-0.394505
20	5	-0.392788
20	6	-0.390969
20	7	-0.389046
20	8	-0.387018
20	9	-0.384883
20	10	-0.382642
20	11	-0.380294
20	12	-0.377838
20	13	-0.375274
20	14	-0.372602
20	15	-0.369822
20	16	-0.366934
20	17	-0.363938
20	18	-0.360833
20	19	-0.35762
20	20	-0.354298
20	21	-0.350868
20	22	-0.34733
20	23	-0.343682
20	24	-0.339927
20	25	-0.336063
20	26	-0.33209
20	27	-0.328009
20	28	-0.323819
20	29	-0.31952
20	30	-0.315113
20	31	-0.310598
20	32	-0.305974
20	33	-0.301241
20	34	-0.2964
20	35	-0.291451
20	36	-0.286393
20	37	-0.281226
20	38	-0.275952
20	39	-0.270568
20	40	-0.265077
20	41	-0.259476
20	42	-0.253768
20	43	-0.247951
20	44	-0.242026
20	45	-0.235993
20	46	-0.229851
20	47	-0.223602
20	48	-0.217244
20	49	-0.210778
20	50	-0.204204
20	51	-0.197522
20	52	-0.190733
20	53	-0.183835
20	54	-0.17683
20	55	-0.169717
20	56	-0.162496
20	57	-0.155168
20	58	-0.147733
20	59	-0.14019
20	60	-0.132541
20	61	-0.124784
20	62	-0.116921
20	63	-0.108952
20	64	-0.100876
20	65	-0.0926952
20	66	-0.0844088
20	67	-0.0760177
20	68	-0.0675226
20	69	-0.0589244
20	70	-0.0502245
20	71	-0.0414247
20	72	-0.0325279
20	73	-0.0235389
20	74	-0.0144675
20	75	-0.00534018
21	0	-0.400213
21	1	-0.398719
21	2	-0.397202
21	3	-0.395613
21	4	-0.393935
21	5	-0.392159
21	6	-0.390283
21	7	-0.388303
21	8	-0.386218
21	9	-0.384028
21	10	-0.381731
21	11	-0.379327
21	12	-0.376815
21	13	-0.374196
21	14	-0.371469
21	15	-0.368634
21	16	-0.365691
21	17	-0.36264
21	18	-0.35948
21	19	-0.356212
21	20	-0.352836
21	21	-0.349351
21	22	-0.345758
21	23	-0.342056
21	24	-0.338246
21	25	-0.334327
21	26	-0.330299
21	27	-0.326164
21	28	-0.321919
21	29	-0.317566
21	30	-0.313105
21	31	-0.308535
21	32	-0.303856
21	33	-0.299069
21	34	-0.294174
21	35	-0.28917
21	36	-0.284058
21	37	-0.278837
21	38	-0.273508
21	39	-0.26807
21	40	-0.262524
21	41	-0.256869
21	42	-0.251107
21	43	-0.245236
21	44	-0.239256
21	45	-0.233169
21	46	-0.226973
21	47	-0.220669
21	48	-0.214257
21	49	-0.207737
21	50	-0.201109
21	51	-0.194374
21	52	-0.18753
21	53	-0.180578
21	54	-0.173519
21	55	-0.166352
21	56	-0.159078
21	57	-0.151696
21	58	-0.144207
21	59	-0.136611
21	60	-0.128907
21	61	-0.121098
21	62	-0.113181
21	63	-0.105159
21	64	-0.0970301
21	65	-0.088796
21	66	-0.080457
21	67	-0.0720135
21	68	-0.0634665
21	69	-0.0548169
21	70	-0.0460664
21	71	-0.0372171
21	72	-0.0282726
21	73	-0.0192395
21	74	-0.0101321
21	75	-0.0010049
22	0	-0.399887
22	1	-0.39832
22	2	-0.396739
22	3	-0.395089
22	4	-0.393351
22	5	-0.391517
22	6	-0.389583
22	7	-0.387546
22	8	-0.385405
22	9	-0.383158
22	10	-0.380805
22	11	-0.378345
22	12	-0.375778
22	13	-0.373104
22	14	-0.370321
22	15	-0.367431
22	16	-0.364433
22	17	-0.361327
22	18	-0.358112
22	19	-0.354789
22	20	-0.351358
22	21	-0.347818
22	22	-0.34417
22	23	-0.340414
22	24	-0.336549
22	25	-0.332575
22	26	-0.328493
22	27	-0.324303
22	28	-0.320004
22	29	-0.315597
22	30	-0.311081
22	31	-0.306456
22	32	-0.301723
22	33	-0.296882
22	34	-0.291932
22	35	-0.286873
22	36	-0.281707
22	37	-0.276431
22	38	-0.271048
22	39	-0.265556
22	40	-0.259955
22	41	-0.254247
22	42	-0.24843
22	43	-0.242504
22	44	-0.236471
22	45	-0.230329
22	46	-0.224079
22	47	-0.217721
22	48	-0.211255
22	49	-0.204681
22	50	-0.197999
22	51	-0.191209
22	52	-0.184311
22	53	-0.177306
22	54	-0.170192
22	55	-0.162972
22	56	-0.155643
22	57	-0.148208
22	58	-0.140665
22	59	-0.133015
22	60	-0.125259
22	61	-0.117395
22	62	-0.109426
22	63	-0.10135
22	64	-0.0931684
22	65	-0.0848815
22	66	-0.0764899
22	67	-0.0679943
22	68	-0.0593955
22	69	-0.0506949
22	70	-0.0418941
22	71	-0.032996
22	72	-0.0240052
22	73	-0.0149305
22	74	-0.00579561
23	0	-0.399549
23	1	-0.397909
23	2	-0.396263
23	3	-0.394551
23	4	-0.392753
23	5	-0.39086
23	6	-0.388868
23	7	-0.386774
23	8	-0.384576
23	9	-0.382273
23	10	-0.379864
23	11	-0.377349
23	12	-0.374726
23	13	-0.371996
23	14	-0.369158
23	15	-0.366213
23	16	-0.363159
23	17	-0.359998
23	18	-0.356728
23	19	-0.353351
23	20	-0.349865
23	21	-0.34627
23	22	-0.342567
23	23	-0.338756
23	24	-0.334836
23	25	-0.330808
23	26	-0.326672
23	27	-0.322427
23	28	-0.318073
23	29	-0.313611
23	30	-0.309041
23	31	-0.304362
23	32	-0.299574
23	33	-0.294678
23	34	-0.289674
23	35	-0.284561
23	36	-0.27934
23	37	-0.27401
23	38	-0.268572
23	39	-0.263026
23	40	-0.257371
23	41	-0.251608
23	42	-0.245737
23	43	-0.239757
23	44	-0.23367
23	45	-0.227474
23	46	-0.22117
23	47	-0.214757
23	48	-0.208237
23	49	-0.201609
23	50	-0.194873
23	51	-0.188029
23	52	-0.181077
23	53	-0.174017
23	54	-0.16685
23	55	-0.159576
23	56	-0.152194
23	57	-0.144704
23	58	-0.137108
23	59	-0.129404
23	60	-0.121594
23	61	-0.113678
23	62	-0.105655
23	63	-0.0975257
23	64	-0.0892913
23	65	-0.0809517
23	66	-0.0725078
23	67	-0.0639601
23	68	-0.0553099
23	69	-0.0465584
23	70	-0.037708
23	71	-0.0287619
23	72	-0.0197264
23	73	-0.0106143
23	74	-0.00147093
24	0	-0.399198
24	1	-0.397486
24	2	-0.395774
24	3	-0.393999
24	4	-0.392141
24	5	-0.39019
24	6	-0.38814
24	7	-0.385988
24	8	-0.383734
24	9	-0.381374
24	10	-0.378909
24	11	-0.376337
24	12	-0.373659
24	13	-0.370873
24	14	-0.36798
24	15	-0.364979
24	16	-0.361871
24	17	-0.358654
24	18	-0.35533
24	19	-0.351897
24	20	-0.348356
24	21	-0.344707
24	22	-0.340949
24	23	-0.337083
24	24	-0.333109
24	25	-0.329026
24	26	-0.324834
24	27	-0.320535
24	28	-0.316127
24	29	-0.31161
24	30	-0.306985
24	31	-0.302251
24	32	-0.29741
24	33	-0.292459
24	34	-0.2874
24	35	-0.282233
24	36	-0.276957
24	37	-0.271573
24	38	-0.266081
24	39	-0.26048
24	40	-0.254771
24	41	-0.248954
24	42	-0.243028
24	43	-0.236994
24	44	-0.230852
24	45	-0.224602
24	46	-0.218244
24	47	-0.211778
24	48	-0.205203
24	49	-0.198521
24	50	-0.191731
24	51	-0.184833
24	52	-0.177827
24	53	-0.170713
24	54	-0.163492
24	55	-0.156164
24	56	-0.148728
24	57	-0.141185
24	58	-0.133535
24	59	-0.125778
24	60	-0.117914
24	61	-0.109944
24	62	-0.101868
24	63	-0.0936861
24	64	-0.0853988
24	65	-0.0770067
24	66	-0.0685105
24	67	-0.0599111
24	68	-0.0512096
24	69	-0.0424078
24	70	-0.0335083
24	71	-0.0245155
24	72	-0.0154375
24	73	-0.00629521
25	0	-0.398836
25	1	-0.397049
25	2	-0.395271
25	3	-0.393434
25	4	-0.391516
25	5	-0.389505
25	6	-0.387397
25	7	-0.385188
25	8	-0.382876
25	9	-0.38046
25	10	-0.377939
25	11	-0.375311
25	12	-0.372577
25	13	-0.369736
25	14	-0.366787
25	15	-0.363731
25	16	-0.360567
25	17	-0.357295
25	18	-0.353916
25	19	-0.350428
25	20	-0.346832
25	21	-0.343128
25	22	-0.339315
25	23	-0.335394
25	24	-0.331365
25	25	-0.327228
25	26	-0.322982
25	27	-0.318627
25	28	-0.314165
25	29	-0.309593
25	30	-0.304914
25	31	-0.300126
25	32	-0.295229
25	33	-0.290224
25	34	-0.285111
25	35	-0.279889
25	36	-0.274559
25	37	-0.269121
25	38	-0.263574
25	39	-0.257919
25	40	-0.252156
25	41	-0.246284
25	42	-0.240304
25	43	-0.234216
25	44	-0.22802
25	45	-0.221715
25	46	-0.215303
25	47	-0.208782
25	48	-0.202154
25	49	-0.195417
25	50	-0.188573
25	51	-0.181621
25	52	-0.174561
25	53	-0.167394
25	54	-0.160119
25	55	-0.152736
25	56	-0.145247
25	57	-0.13765
25	58	-0.129946
25	59	-0.122136
25	60	-0.114219
25	61	-0.106195
25	62	-0.098066
25	63	-0.0898311
25	64	-0.0814911
25	65	-0.0730466
25	66	-0.0644983
25	67	-0.0558472
25	68	-0.0470949
25	69	-0.0382432
25	70	-0.0292955
25	71	-0.0202573
25	72	-0.0111406
25	73	-0.00198292
26	0	-0.398461
26	1	-0.396601
26	2	-0.394756
26	3	-0.392856
26	4	-0.390877
26	5	-0.388807
26	6	-0.38664
26	7	-0.384374
26	8	-0.382005
26	9	-0.379532
26	10	-0.376954
26	11	-0.37427
26	12	-0.37148
26	13	-0.368583
26	14	-0.365579
26	15	-0.362467
26	16	-0.359248
26	17	-0.355921
26	18	-0.352486
26	19	-0.348944
26	20	-0.345293
26	21	-0.341533
26	22	-0.337666
26	23	-0.33369
26	24	-0.329606
26	25	-0.325414
26	26	-0.321113
26	27	-0.316704
26	28	-0.312187
26	29	-0.307561
26	30	-0.302827
26	31	-0.297984
26	32	-0.293033
26	33	-0.287974
26	34	-0.282806
26	35	-0.27753
26	36	-0.272145
26	37	-0.266653
26	38	-0.261051
26	39	-0.255342
26	40	-0.249524
26	41	-0.243598
26	42	-0.237564
26	43	-0.231422
26	44	-0.225171
26	45	-0.218812
26	46	-0.212346
26	47	-0.205771
26	48	-0.199088
26	49	-0.192298
26	50	-0.185399
26	51	-0.178393
26	52	-0.171279
26	53	-0.164058
26	54	-0.156729
26	55	-0.149293
26	56	-0.14175
26	57	-0.134099
26	58	-0.126342
26	59	-0.118478
26	60	-0.110508
26	61	-0.102431
26	62	-0.0942486
26	63	-0.0859608
26	64	-0.0775682
26	65	-0.0690713
26	66	-0.0604711
26	67	-0.0517688
26	68	-0.0429659
26	69	-0.0340649
26	70	-0.02507
26	71	-0.0159887
26	72	-0.00683924
27	0	-0.398075
27	1	-0.396139
27	2	-0.394228
27	3	-0.392264
27	4	-0.390224
27	5	-0.388095
27	6	-0.38587
27	7	-0.383545
27	8	-0.381119
27	9	-0.378589
27	10	-0.375955
27	11	-0.373215
27	12	-0.370369
27	13	-0.367416
27	14	-0.364356
27	15	-0.361189
27	16	-0.357914
27	17	-0.354532
27	18	-0.351042
27	19	-0.347444
27	20	-0.343738
27	21	-0.339924
27	22	-0.336002
27	23	-0.331971
27	24	-0.327832
27	25	-0.323585
27	26	-0.31923
27	27	-0.314766
27	28	-0.310194
27	29	-0.305513
27	30	-0.300725
27	31	-0.295827
27	32	-0.290822
27	33	-0.285708
27	34	-0.280485
27	35	-0.275155
27	36	-0.269716
27	37	-0.264169
27	38	-0.258513
27	39	-0.252749
27	40	-0.246877
27	41	-0.240897
27	42	-0.234808
27	43	-0.228611
27	44	-0.222307
27	45	-0.215894
27	46	-0.209373
27	47	-0.202744
27	48	-0.196007
27	49	-0.189163
27	50	-0.18221
27	51	-0.17515
27	52	-0.167982
27	53	-0.160707
27	54	-0.153324
27	55	-0.145834
27	56	-0.138237
27	57	-0.130533
27	58	-0.122722
27	59	-0.114805
27	60	-0.106781
27	61	-0.0986512
27	62	-0.0904159
27	63	-0.0820753
27	64	-0.0736301
27	65	-0.0650811
27	66	-0.0564292
27	67	-0.0476758
27	68	-0.0388229
27	69	-0.0298734
27	70	-0.0208326
27	71	-0.0117113
27	72	-0.00254075
28	0	-0.397676
28	1	-0.395665
28	2	-0.393686
28	3	-0.39166
28	4	-0.389558
28	5	-0.387369
28	6	-0.385085
28	7	-0.382702
28	8	-0.380219
28	9	-0.377632
28	10	-0.374941
28	11	-0.372145
28	12	-0.369242
28	13	-0.366234
28	14	-0.363118
28	15	-0.359895
28	16	-0.356565
28	17	-0.353128
28	18	-0.349583
28	19	-0.345929
28	20	-0.342168
28	21	-0.338299
28	22	-0.334322
28	23	-0.330236
28	24	-0.326043
28	25	-0.321741
28	26	-0.317331
28	27	-0.312812
28	28	-0.308185
28	29	-0.30345
28	30	-0.298607
28	31	-0.293655
28	32	-0.288595
28	33	-0.283426
28	34	-0.278149
28	35	-0.272764
28	36	-0.267271
28	37	-0.261669
28	38	-0.255959
28	39	-0.250141
28	40	-0.244214
28	41	-0.23818
28	42	-0.232037
28	43	-0.225786
28	44	-0.219427
28	45	-0.21296
28	46	-0.206384
28	47	-0.199701
28	48	-0.19291
28	49	-0.186012
28	50	-0.179005
28	51	-0.171891
28	52	-0.164669
28	53	-0.15734
28	54	-0.149904
28	55	-0.14236
28	56	-0.134709
28	57	-0.126951
28	58	-0.119087
28	59	-0.111116
28	60	-0.103039
28	61	-0.0948561
28	62	-0.0865678
28	63	-0.0781745
28	64	-0.069677
28	65	-0.061076
28	66	-0.0523726
28	67	-0.0435685
28	68	-0.0346661
28	69	-0.025669
28	70	-0.0165843
28	71	-0.00742794
29	0	-0.397266
29	1	-0.395179
29	2	-0.393132
29	3	-0.391041
29	4	-0.388878
29	5	-0.386629
29	6	-0.384286
29	7	-0.381846
29	8	-0.379304
29	9	-0.37666
29	10	-0.373913
29	11	-0.37106
29	12	-0.368101
29	13	-0.365037
29	14	-0.361865
29	15	-0.358587
29	16	-0.355201
29	17	-0.351708
29	18	-0.348108
29	19	-0.344399
29	20	-0.340583
29	21	-0.336659
29	22	-0.332627
29	23	-0.328486
29	24	-0.324238
29	25	-0.319881
29	26	-0.315416
29	27	-0.310843
29	28	-0.306161
29	29	-0.301371
29	30	-0.296473
29	31	-0.291467
29	32	-0.286352
29	33	-0.281129
29	34	-0.275798
29	35	-0.270358
29	36	-0.26481
29	37	-0.259154
29	38	-0.253389
29	39	-0.247517
29	40	-0.241536
29	41	-0.235447
29	42	-0.22925
29	43	-0.222944
29	44	-0.216531
29	45	-0.21001
29	46	-0.20338
29	47	-0.196643
29	48	-0.189798
29	49	-0.182845
29	50	-0.175785
29	51	-0.168616
29	52	-0.161341
29	53	-0.153958
29	54	-0.146467
29	55	-0.13887
29	56	-0.131165
29	57	-0.123354
29	58	-0.115436
29	59	-0.107412
29	60	-0.0992815
29	61	-0.0910456
29	62	-0.0827044
29	63	-0.0742586
29	64	-0.0657088
29	65	-0.057056
29	66	-0.0483015
29	67	-0.0394472
29	68	-0.0304958
29	69	-0.0214524
29	70	-0.0123264
29	71	-0.00314438
30	0	-0.396844
30	1	-0.39468
30	2	-0.392565
30	3	-0.39041
30	4	-0.388185
30	5	-0.385876
30	6	-0.383474
30	7	-0.380975
30	8	-0.378376
30	9	-0.375674
30	10	-0.37287
30	11	-0.36996
30	12	-0.366946
30	13	-0.363825
30	14	-0.360598
30	15	-0.357264
30	16	-0.353823
30	17	-0.350274
30	18	-0.346618
30	19	-0.342854
30	20	-0.338983
30	21	-0.335004
30	22	-0.330916
30	23	-0.326721
30	24	-0.322417
30	25	-0.318006
30	26	-0.313486
30	27	-0.308858
30	28	-0.304122
30	29	-0.299277
30	30	-0.294324
30	31	-0.289263
30	32	-0.284094
30	33	-0.278816
30	34	-0.27343
30	35	-0.267936
30	36	-0.262334
30	37	-0.256623
30	38	-0.250804
30	39	-0.244877
30	40	-0.238842
30	41	-0.232698
30	42	-0.226447
30	43	-0.220087
30	44	-0.21362
30	45	-0.207044
30	46	-0.20036
30	47	-0.193569
30	48	-0.18667
30	49	-0.179663
30	50	-0.172548
30	51	-0.165326
30	52	-0.157997
30	53	-0.15056
30	54	-0.143015
30	55	-0.135364
30	56	-0.127606
30	57	-0.119741
30	58	-0.11177
30	59	-0.103692
30	60	-0.0955087
30	61	-0.0872198
30	62	-0.0788258
30	63	-0.0703275
30	64	-0.0617257
30	65	-0.0530213
30	66	-0.044216
30	67	-0.0353119
30	68	-0.0263126
30	69	-0.0172244
30	70	-0.00806152
31	0	-0.39641
31	1	-0.394168
31	2	-0.391985
31	3	-0.389766
31	4	-0.387479
31	5	-0.385109
31	6	-0.382647
31	7	-0.38009
31	8	-0.377433
31	9	-0.374674
31	10	-0.371813
31	11	-0.368847
31	12	-0.365775
31	13	-0.362599
31	14	-0.359315
31	15	-0.355926
31	16	-0.352429
31	17	-0.348825
31	18	-0.345113
31	19	-0.341294
31	20	-0.337368
31	21	-0.333333
31	22	-0.329191
31	23	-0.32494
31	24	-0.320582
31	25	-0.316115
31	26	-0.311541
31	27	-0.306858
31	28	-0.302067
31	29	-0.297167
31	30	-0.29216
31	31	-0.287044
31	32	-0.28182
31	33	-0.276488
31	34	-0.271047
31	35	-0.265499
31	36	-0.259842
31	37	-0.254076
31	38	-0.248203
31	39	-0.242222
31	40	-0.236132
31	41	-0.229934
31	42	-0.223628
31	43	-0.217214
31	44	-0.210693
31	45	-0.204063
31	46	-0.197325
31	47	-0.190479
31	48	-0.183526
31	49	-0.176465
31	50	-0.169297
31	51	-0.16202
31	52	-0.154637
31	53	-0.147146
31	54	-0.139548
31	55	-0.131843
31	56	-0.124031
31	57	-0.116113
31	58	-0.108088
31	59	-0.0999571
31	60	-0.0917205
31	61	-0.0833787
31	62	-0.0749321
31	63	-0.0663815
31	64	-0.0577277
31	65	-0.0489721
31	66	-0.0401163
31	67	-0.0311631
31	68	-0.0221169
31	69	-0.0129864
31	70	-0.00379386
32	0	-0.395964
32	1	-0.393644
32	2	-0.391392
32	3	-0.389108
32	4	-0.386759
32	5	-0.384328
32	6	-0.381807
32	7	-0.379191
32	8	-0.376476
32	9	-0.37366
32	10	-0.370741
32	11	-0.367718
32	12	-0.364591
32	13	-0.361358
32	14	-0.358018
32	15	-0.354573
32	16	-0.35102
32	17	-0.347361
32	18	-0.343594
32	19	-0.339719
32	20	-0.335737
32	21	-0.331648
32	22	-0.32745
32	23	-0.323145
32	24	-0.318731
32	25	-0.31421
32	26	-0.30958
32	27	-0.304842
32	28	-0.299996
32	29	-0.295042
32	30	-0.28998
32	31	-0.28481
32	32	-0.279531
32	33	-0.274144
32	34	-0.268649
32	35	-0.263046
32	36	-0.257334
32	37	-0.251515
32	38	-0.245587
32	39	-0.239551
32	40	-0.233407
32	41	-0.227155
32	42	-0.220794
32	43	-0.214326
32	44	-0.20775
32	45	-0.201066
32	46	-0.194274
32	47	-0.187374
32	48	-0.180367
32	49	-0.173252
32	50	-0.166029
32	51	-0.158699
32	52	-0.151261
32	53	-0.143717
32	54	-0.136065
32	55	-0.128306
32	56	-0.120441
32	57	-0.112469
32	58	-0.104391
32	59	-0.0962067
32	60	-0.0879171
32	61	-0.0795224
32	62	-0.0710233
32	63	-0.0624205
32	64	-0.053715
32	65	-0.0449084
32	66	-0.0360026
32	67	-0.0270011
32	68	-0.0179095
32	69	-0.00874022
33	0	-0.395506
33	1	-0.393108
33	2	-0.390786
33	3	-0.388437
33	4	-0.386025
33	5	-0.383534
33	6	-0.380953
33	7	-0.378278
33	8	-0.375505
33	9	-0.372631
33	10	-0.369655
33	11	-0.366576
33	12	-0.363391
33	13	-0.360102
33	14	-0.356707
33	15	-0.353205
33	16	-0.349597
33	17	-0.345881
33	18	-0.342059
33	19	-0.338129
33	20	-0.334092
33	21	-0.329947
33	22	-0.325694
33	23	-0.321334
33	24	-0.316865
33	25	-0.312289
33	26	-0.307604
33	27	-0.302811
33	28	-0.297911
33	29	-0.292902
33	30	-0.287785
33	31	-0.28256
33	32	-0.277226
33	33	-0.271785
33	34	-0.266235
33	35	-0.260577
33	36	-0.254811
33	37	-0.248937
33	38	-0.242955
33	39	-0.236864
33	40	-0.230666
33	41	-0.224359
33	42	-0.217945
33	43	-0.211422
33	44	-0.204792
33	45	-0.198053
33	46	-0.191207
33	47	-0.184253
33	48	-0.177192
33	49	-0.170023
33	50	-0.162746
33	51	-0.155362
33	52	-0.147871
33	53	-0.140272
33	54	-0.132566
33	55	-0.124754
33	56	-0.116835
33	57	-0.10881
33	58	-0.100678
33	59	-0.0924409
33	60	-0.0840983
33	61	-0.0756509
33	62	-0.0670994
33	63	-0.0584446
33	64	-0.0496877
33	65	-0.0408305
33	66	-0.0318753
33	67	-0.0228263
33	68	-0.0136914
33	69	-0.00448927
34	0	-0.395037
34	1	-0.39256
34	2	-0.390168
34	3	-0.387754
34	4	-0.385279
34	5	-0.382726
34	6	-0.380085
34	7	-0.377351
34	8	-0.37452
34	9	-0.371588
34	10	-0.368555
34	11	-0.365418
34	12	-0.362177
34	13	-0.358832
34	14	-0.35538
34	15	-0.351822
34	16	-0.348158
34	17	-0.344387
34	18	-0.340509
34	19	-0.336524
34	20	-0.332431
34	21	-0.328231
34	22	-0.323923
34	23	-0.319507
34	24	-0.314984
34	25	-0.310352
34	26	-0.305613
34	27	-0.300765
34	28	-0.29581
34	29	-0.290746
34	30	-0.285574
34	31	-0.280294
34	32	-0.274906
34	33	-0.26941
34	34	-0.263806
34	35	-0.258093
34	36	-0.252273
34	37	-0.246344
34	38	-0.240307
34	39	-0.234162
34	40	-0.227909
34	41	-0.221549
34	42	-0.21508
34	43	-0.208503
34	44	-0.201818
34	45	-0.195025
34	46	-0.188125
34	47	-0.181117
34	48	-0.174001
34	49	-0.166778
34	50	-0.159447
34	51	-0.152009
34	52	-0.144464
34	53	-0.136812
34	54	-0.129052
34	55	-0.121186
34	56	-0.113214
34	57	-0.105135
34	58	-0.0969502
34	59	-0.0886599
34	60	-0.0802644
34	61	-0.0717644
34	62	-0.0631606
34	63	-0.054454
34	64	-0.045646
34	65	-0.0367385
34	66	-0.0277346
34	67	-0.0186396
34	68	-0.00946425
34	69	-0.000240658
35	0	-0.394555
35	1	-0.391999
35	2	-0.389537
35	3	-0.387057
35	4	-0.384519
35	5	-0.381905
35	6	-0.379204
35	7	-0.376411
35	8	-0.373521
35	9	-0.370531
35	10	-0.367441
35	11	-0.364247
35	12	-0.360949
35	13	-0.357547
35	14	-0.354039
35	15	-0.350425
35	16	-0.346705
35	17	-0.342878
35	18	-0.338945
35	19	-0.334904
35	20	-0.330756
35	21	-0.3265
35	22	-0.322137
35	23	-0.317666
35	24	-0.313087
35	25	-0.308401
35	26	-0.303606
35	27	-0.298704
35	28	-0.293693
35	29	-0.288575
35	30	-0.283348
35	31	-0.278014
35	32	-0.272571
35	33	-0.26702
35	34	-0.261361
35	35	-0.255594
35	36	-0.249719
35	37	-0.243736
35	38	-0.237644
35	39	-0.231445
35	40	-0.225138
35	41	-0.218722
35	42	-0.212199
35	43	-0.205568
35	44	-0.198829
35	45	-0.191982
35	46	-0.185027
35	47	-0.177965
35	48	-0.170795
35	49	-0.163518
35	50	-0.156133
35	51	-0.148641
35	52	-0.141042
35	53	-0.133336
35	54	-0.125523
35	55	-0.117603
35	56	-0.109577
35	57	-0.101445
35	58	-0.0932069
35	59	-0.0848636
35	60	-0.0764153
35	61	-0.0678628
35	62	-0.0592069
35	63	-0.0504488
35	64	-0.0415899
35	65	-0.0326327
35	66	-0.0235809
35	67	-0.0144416
35	68	-0.00523071
36	0	-0.394062
36	1	-0.391425
36	2	-0.388893
36	3	-0.386347
36	4	-0.383746
36	5	-0.38107
36	6	-0.378309
36	7	-0.375456
36	8	-0.372508
36	9	-0.36946
36	10	-0.366312
36	11	-0.363061
36	12	-0.359706
36	13	-0.356247
36	14	-0.352683
36	15	-0.349013
36	16	-0.345237
36	17	-0.341355
36	18	-0.337365
36	19	-0.333269
36	20	-0.329065
36	21	-0.324754
36	22	-0.320336
36	23	-0.31581
36	24	-0.311176
36	25	-0.306434
36	26	-0.301585
36	27	-0.296627
36	28	-0.291562
36	29	-0.286388
36	30	-0.281107
36	31	-0.275718
36	32	-0.27022
36	33	-0.264614
36	34	-0.258901
36	35	-0.253079
36	36	-0.247149
36	37	-0.241112
36	38	-0.234966
36	39	-0.228712
36	40	-0.22235
36	41	-0.21588
36	42	-0.209303
36	43	-0.202617
36	44	-0.195824
36	45	-0.188923
36	46	-0.181914
36	47	-0.174798
36	48	-0.167574
36	49	-0.160242
36	50	-0.152804
36	51	-0.145258
36	52	-0.137605
36	53	-0.129845
36	54	-0.121978
36	55	-0.114005
36	56	-0.105925
36	57	-0.0977396
36	58	-0.0894484
36	59	-0.0810521
36	60	-0.0725511
36	61	-0.0639463
36	62	-0.0552385
36	63	-0.046429
36	64	-0.0375197
36	65	-0.0285134
36	66	-0.019415
36	67	-0.0102339
36	68	-0.000995859
37	0	-0.393557
37	1	-0.39084
37	2	-0.388237
37	3	-0.385624
37	4	-0.382959
37	5	-0.380222
37	6	-0.3774
37	7	-0.374488
37	8	-0.371481
37	9	-0.368375
37	10	-0.365169
37	11	-0.361861
37	12	-0.358449
37	13	-0.354934
37	14	-0.351313
37	15	-0.347587
37	16	-0.343755
37	17	-0.339816
37	18	-0.335771
37	19	-0.331619
37	20	-0.32736
37	21	-0.322993
37	22	-0.31852
37	23	-0.313938
37	24	-0.309249
37	25	-0.304452
37	26	-0.299548
37	27	-0.294535
37	28	-0.289415
37	29	-0.284187
37	30	-0.27885
37	31	-0.273406
37	32	-0.267854
37	33	-0.262194
37	34	-0.256425
37	35	-0.250549
37	36	-0.244565
37	37	-0.238472
37	38	-0.232272
37	39	-0.225963
37	40	-0.219547
37	41	-0.213023
37	42	-0.206391
37	43	-0.199651
37	44	-0.192804
37	45	-0.185848
37	46	-0.178785
37	47	-0.171615
37	48	-0.164337
37	49	-0.156951
37	50	-0.149458
37	51	-0.141859
37	52	-0.134152
37	53	-0.126338
37	54	-0.118418
37	55	-0.110391
37	56	-0.102258
37	57	-0.0940189
37	58	-0.0856746
37	59	-0.0772254
37	60	-0.0686719
37	61	-0.0600148
37	62	-0.0512553
37	63	-0.0423948
37	64	-0.0334355
37	65	-0.024381
37	66	-0.0152374
37	67	-0.00601833
38	0	-0.39304
38	1	-0.390242
38	2	-0.387568
38	3	-0.384889
38	4	-0.38216
38	5	-0.37936
38	6	-0.376478
38	7	-0.373506
38	8	-0.37044
38	9	-0.367276
38	10	-0.364012
38	11	-0.360646
38	12	-0.357178
38	13	-0.353605
38	14	-0.349928
38	15	-0.346146
38	16	-0.342257
38	17	-0.338263
38	18	-0.334162
38	19	-0.329954
38	20	-0.32564
38	21	-0.321218
38	22	-0.316688
38	23	-0.312052
38	24	-0.307307
38	25	-0.302455
38	26	-0.297496
38	27	-0.292428
38	28	-0.287253
38	29	-0.28197
38	30	-0.276579
38	31	-0.271079
38	32	-0.265472
38	33	-0.259757
38	34	-0.253934
38	35	-0.248003
38	36	-0.241964
38	37	-0.235817
38	38	-0.229562
38	39	-0.2232
38	40	-0.216729
38	41	-0.21015
38	42	-0.203464
38	43	-0.19667
38	44	-0.189768
38	45	-0.182758
38	46	-0.175641
38	47	-0.168416
38	48	-0.161084
38	49	-0.153645
38	50	-0.146098
38	51	-0.138444
38	52	-0.130683
38	53	-0.122816
38	54	-0.114842
38	55	-0.106761
38	56	-0.098575
38	57	-0.090283
38	58	-0.0818857
38	59	-0.0733837
38	60	-0.0647777
38	61	-0.0560686
38	62	-0.0472576
38	63	-0.0383464
38	64	-0.0293377
38	65	-0.0202359
38	66	-0.0110492
38	67	-0.00179879
39	0	-0.392511
39	1	-0.389632
39	2	-0.386886
39	3	-0.38414
39	4	-0.381347
39	5	-0.378485
39	6	-0.375542
39	7	-0.372511
39	8	-0.369385
39	9	-0.366163
39	10	-0.362841
39	11	-0.359418
39	12	-0.355892
39	13	-0.352263
39	14	-0.348529
39	15	-0.34469
39	16	-0.340746
39	17	-0.336695
39	18	-0.332538
39	19	-0.328275
39	20	-0.323904
39	21	-0.319427
39	22	-0.314842
39	23	-0.31015
39	24	-0.305351
39	25	-0.300443
39	26	-0.295429
39	27	-0.290306
39	28	-0.285076
39	29	-0.279737
39	30	-0.274291
39	31	-0.268737
39	32	-0.263076
39	33	-0.257306
39	34	-0.251428
39	35	-0.245442
39	36	-0.239349
39	37	-0.233147
39	38	-0.226838
39	39	-0.22042
39	40	-0.213895
39	41	-0.207262
39	42	-0.200521
39	43	-0.193673
39	44	-0.186716
39	45	-0.179653
39	46	-0.172481
39	47	-0.165202
39	48	-0.157816
39	49	-0.150322
39	50	-0.142722
39	51	-0.135014
39	52	-0.127199
39	53	-0.119278
39	54	-0.111251
39	55	-0.103117
39	56	-0.094877
39	57	-0.0865318
39	58	-0.0780816
39	59	-0.0695269
39	60	-0.0608686
39	61	-0.0521077
39	62	-0.0432454
39	63	-0.034284
39	64	-0.0252266
39	65	-0.0160788
39	66	-0.00685228
40	0	-0.391971
40	1	-0.389009
40	2	-0.386192
40	3	-0.383378
40	4	-0.380521
40	5	-0.377597
40	6	-0.374593
40	7	-0.371501
40	8	-0.368317
40	9	-0.365036
40	10	-0.361656
40	11	-0.358175
40	12	-0.354592
40	13	-0.350906
40	14	-0.347115
40	15	-0.34322
40	16	-0.339219
40	17	-0.335112
40	18	-0.3309
40	19	-0.32658
40	20	-0.322154
40	21	-0.317621
40	22	-0.312981
40	23	-0.308234
40	24	-0.303379
40	25	-0.298416
40	26	-0.293346
40	27	-0.288169
40	28	-0.282883
40	29	-0.27749
40	30	-0.271989
40	31	-0.26638
40	32	-0.260663
40	33	-0.254839
40	34	-0.248906
40	35	-0.242866
40	36	-0.236718
40	37	-0.230462
40	38	-0.224097
40	39	-0.217626
40	40	-0.211046
40	41	-0.204358
40	42	-0.197563
40	43	-0.19066
40	44	-0.18365
40	45	-0.176532
40	46	-0.169306
40	47	-0.161973
40	48	-0.154533
40	49	-0.146985
40	50	-0.13933
40	51	-0.131569
40	52	-0.1237
40	53	-0.115725
40	54	-0.107644
40	55	-0.0994568
40	56	-0.0911638
40	57	-0.0827655
40	58	-0.0742624
40	59	-0.0656552
40	60	-0.0569447
40	61	-0.0481321
40	62	-0.039219
40	63	-0.0302079
40	64	-0.0211027
40	65	-0.0119107
40	66	-0.00264924
41	0	-0.391419
41	1	-0.388375
41	2	-0.385485
41	3	-0.382604
41	4	-0.379682
41	5	-0.376695
41	6	-0.37363
41	7	-0.370478
41	8	-0.367234
41	9	-0.363895
41	10	-0.360456
41	11	-0.356918
41	12	-0.353278
41	13	-0.349534
41	14	-0.345687
41	15	-0.341735
41	16	-0.337678
41	17	-0.333515
41	18	-0.329246
41	19	-0.324871
41	20	-0.320389
41	21	-0.315801
41	22	-0.311105
41	23	-0.306302
41	24	-0.301392
41	25	-0.296374
41	26	-0.291249
41	27	-0.286016
41	28	-0.280676
41	29	-0.275227
41	30	-0.269671
41	31	-0.264008
41	32	-0.258236
41	33	-0.252357
41	34	-0.246369
41	35	-0.240274
41	36	-0.234071
41	37	-0.227761
41	38	-0.221342
41	39	-0.214816
41	40	-0.208181
41	41	-0.201439
41	42	-0.19459
41	43	-0.187632
41	44	-0.180568
41	45	-0.173395
41	46	-0.166115
41	47	-0.158728
41	48	-0.151234
41	49	-0.143632
41	50	-0.135923
41	51	-0.128108
41	52	-0.120186
41	53	-0.112157
41	54	-0.104022
41	55	-0.0957816
41	56	-0.0874354
41	57	-0.0789841
41	58	-0.0704282
41	59	-0.0617685
41	60	-0.0530061
41	61	-0.0441421
41	62	-0.0351785
41	63	-0.0261182
41	64	-0.0169663
41	65	-0.00773275
42	0	-0.390855
42	1	-0.387728
42	2	-0.384765
42	3	-0.381817
42	4	-0.37883
42	5	-0.37578
42	6	-0.372654
42	7	-0.369442
42	8	-0.366138
42	9	-0.36274
42	10	-0.359243
42	11	-0.355647
42	12	-0.351949
42	13	-0.348148
42	14	-0.344244
42	15	-0.340236
42	16	-0.336122
42	17	-0.331903
42	18	-0.327578
42	19	-0.323147
42	20	-0.31861
42	21	-0.313965
42	22	-0.309214
42	23	-0.304356
42	24	-0.29939
42	25	-0.294317
42	26	-0.289136
42	27	-0.283848
42	28	-0.278453
42	29	-0.27295
42	30	-0.267339
42	31	-0.26162
42	32	-0.255794
42	33	-0.249859
42	34	-0.243817
42	35	-0.237667
42	36	-0.23141
42	37	-0.225044
42	38	-0.218571
42	39	-0.21199
42	40	-0.205301
42	41	-0.198505
42	42	-0.191601
42	43	-0.184589
42	44	-0.17747
42	45	-0.170243
42	46	-0.162909
42	47	-0.155468
42	48	-0.147919
42	49	-0.140264
42	50	-0.132501
42	51	-0.124632
42	52	-0.116656
42	53	-0.108574
42	54	-0.100385
42	55	-0.0920912
42	56	-0.0836918
42	57	-0.0751875
42	58	-0.066579
42	59	-0.0578671
42	60	-0.0490528
42	61	-0.0401377
42	62	-0.0311241
42	63	-0.0220155
42	64	-0.0128184
42	65	-0.00354715
43	0	-0.390279
43	1	-0.387069
43	2	-0.384033
43	3	-0.381017
43	4	-0.377965
43	5	-0.374852
43	6	-0.371664
43	7	-0.368391
43	8	-0.365028
43	9	-0.361571
43	10	-0.358016
43	11	-0.354362
43	12	-0.350606
43	13	-0.346748
43	14	-0.342787
43	15	-0.338722
43	16	-0.334552
43	17	-0.330277
43	18	-0.325896
43	19	-0.321409
43	20	-0.316815
43	21	-0.312115
43	22	-0.307308
43	23	-0.302394
43	24	-0.297373
43	25	-0.292245
43	26	-0.287009
43	27	-0.281666
43	28	-0.276215
43	29	-0.270657
43	30	-0.264991
43	31	-0.259217
43	32	-0.253336
43	33	-0.247347
43	34	-0.24125
43	35	-0.235045
43	36	-0.228733
43	37	-0.222313
43	38	-0.215785
43	39	-0.209149
43	40	-0.202406
43	41	-0.195555
43	42	-0.188597
43	43	-0.181531
43	44	-0.174357
43	45	-0.167076
43	46	-0.159688
43	47	-0.152192
43	48	-0.14459
43	49	-0.13688
43	50	-0.129064
43	51	-0.12114
43	52	-0.113111
43	53	-0.104975
43	54	-0.096733
43	55	-0.0883856
43	56	-0.0799331
43	57	-0.071376
43	58	-0.0627149
43	59	-0.0539508
43	60	-0.045085
43	61	-0.0361192
43	62	-0.027056
43	63	-0.0179001
43	64	-0.00865993
44	0	-0.389692
44	1	-0.386398
44	2	-0.383289
44	3	-0.380204
44	4	-0.377087
44	5	-0.373911
44	6	-0.370661
44	7	-0.367327
44	8	-0.363905
44	9	-0.360388
44	10	-0.356775
44	11	-0.353062
44	12	-0.349249
44	13	-0.345334
44	14	-0.341316
44	15	-0.337194
44	16	-0.332967
44	17	-0.328636
44	18	-0.324198
44	19	-0.319655
44	20	-0.315006
44	21	-0.31025
44	22	-0.305387
44	23	-0.300418
44	24	-0.295341
44	25	-0.290158
44	26	-0.284867
44	27	-0.279468
44	28	-0.273962
44	29	-0.268349
44	30	-0.262628
44	31	-0.256799
44	32	-0.250863
44	33	-0.244819
44	34	-0.238667
44	35	-0.232408
44	36	-0.226041
44	37	-0.219566
44	38	-0.212983
44	39	-0.206293
44	40	-0.199495
44	41	-0.19259
44	42	-0.185577
44	43	-0.178457
44	44	-0.171229
44	45	-0.163894
44	46	-0.156451
44	47	-0.148901
44	48	-0.141245
44	49	-0.133481
44	50	-0.125611
44	51	-0.117634
44	52	-0.10955
44	53	-0.101361
44	54	-0.0930655
44	55	-0.0846649
44	56	-0.0761593
44	57	-0.0675494
44	58	-0.0588359
44	59	-0.0500199
44	60	-0.0411028
44	61	-0.0320866
44	62	-0.0229747
44	63	-0.0137727
44	64	-0.00449255
45	0	-0.389093
45	1	-0.385714
45	2	-0.382531
45	3	-0.379378
45	4	-0.376196
45	5	-0.372956
45	6	-0.369644
45	7	-0.36625
45	8	-0.362767
45	9	-0.359191
45	10	-0.355519
45	11	-0.351749
45	12	-0.347878
45	13	-0.343906
45	14	-0.33983
45	15	-0.335651
45	16	-0.331368
45	17	-0.32698
45	18	-0.322487
45	19	-0.317887
45	20	-0.313182
45	21	-0.30837
45	22	-0.303452
45	23	-0.298427
45	24	-0.293295
45	25	-0.288055
45	26	-0.282709
45	27	-0.277255
45	28	-0.271694
45	29	-0.266026
45	30	-0.26025
45	31	-0.254366
45	32	-0.248375
45	33	-0.242276
45	34	-0.236069
45	35	-0.229755
45	36	-0.223333
45	37	-0.216804
45	38	-0.210167
45	39	-0.203422
45	40	-0.19657
45	41	-0.18961
45	42	-0.182542
45	43	-0.175367
45	44	-0.168085
45	45	-0.160696
45	46	-0.153199
45	47	-0.145595
45	48	-0.137884
45	49	-0.130067
45	50	-0.122142
45	51	-0.114112
45	52	-0.105975
45	53	-0.0977315
45	54	-0.0893829
45	55	-0.080929
45	56	-0.0723705
45	57	-0.0637079
45	58	-0.0549422
45	59	-0.0460745
45	60	-0.0371063
45	61	-0.0280403
45	62	-0.0188804
45	63	-0.00963405
45	64	-0.000318935
46	0	-0.388482
46	1	-0.385019
46	2	-0.381762
46	3	-0.37854
46	4	-0.375291
46	5	-0.371988
46	6	-0.368614
46	7	-0.365159
46	8	-0.361616
46	9	-0.357981
46	10	-0.35425
46	11	-0.350421
46	12	-0.346493
46	13	-0.342463
46	14	-0.33833
46	15	-0.334094
46	16	-0.329755
46	17	-0.32531
46	18	-0.32076
46	19	-0.316105
46	20	-0.311343
46	21	-0.306476
46	22	-0.301502
46	23	-0.296421
46	24	-0.291233
46	25	-0.285938
46	26	-0.280537
46	27	-0.275028
46	28	-0.269411
46	29	-0.263688
46	30	-0.257856
46	31	-0.251918
46	32	-0.245871
46	33	-0.239718
46	34	-0.233456
46	35	-0.227087
46	36	-0.220611
46	37	-0.214026
46	38	-0.207335
46	39	-0.200535
46	40	-0.193628
46	41	-0.186614
46	42	-0.179492
46	43	-0.172263
46	44	-0.164926
46	45	-0.157482
46	46	-0.149932
46	47	-0.142274
46	48	-0.134509
46	49	-0.126637
46	50	-0.118659
46	51	-0.110574
46	52	-0.102384
46	53	-0.0940871
46	54	-0.0856851
46	55	-0.0771781
46	56	-0.0685667
46	57	-0.0598516
46	58	-0.0510338
46	59	-0.0421145
46	60	-0.0330958
46	61	-0.0239805
46	62	-0.0147737
46	63	-0.00548553
47	0	-0.38786
47	1	-0.384311
47	2	-0.38098
47	3	-0.377688
47	4	-0.374374
47	5	-0.371007
47	6	-0.367571
47	7	-0.364055
47	8	-0.360451
47	9	-0.356757
47	10	-0.352967
47	11	-0.34908
47	12	-0.345093
47	13	-0.341006
47	14	-0.336816
47	15	-0.332523
47	16	-0.328126
47	17	-0.323625
47	18	-0.319019
47	19	-0.314307
47	20	-0.30949
47	21	-0.304566
47	22	-0.299536
47	23	-0.2944
47	24	-0.289157
47	25	-0.283807
47	26	-0.278349
47	27	-0.272785
47	28	-0.267113
47	29	-0.261334
47	30	-0.255448
47	31	-0.249454
47	32	-0.243353
47	33	-0.237144
47	34	-0.230828
47	35	-0.224404
47	36	-0.217873
47	37	-0.211234
47	38	-0.204487
47	39	-0.197633
47	40	-0.190672
47	41	-0.183603
47	42	-0.176427
47	43	-0.169143
47	44	-0.161752
47	45	-0.154254
47	46	-0.146649
47	47	-0.138937
47	48	-0.131118
47	49	-0.123192
47	50	-0.11516
47	51	-0.107022
47	52	-0.0987775
47	53	-0.0904275
47	54	-0.0819722
47	55	-0.0734122
47	56	-0.064748
47	57	-0.0559805
47	58	-0.0471108
47	59	-0.0381403
47	60	-0.0290714
47	61	-0.0199075
47	62	-0.0106553
47	63	-0.00132905
48	0	-0.387225
48	1	-0.383591
48	2	-0.380185
48	3	-0.376825
48	4	-0.373444
48	5	-0.370013
48	6	-0.366514
48	7	-0.362937
48	8	-0.359273
48	9	-0.355519
48	10	-0.35167
48	11	-0.347725
48	12	-0.34368
48	13	-0.339535
48	14	-0.335288
48	15	-0.330938
48	16	-0.326484
48	17	-0.321926
48	18	-0.317263
48	19	-0.312496
48	20	-0.307622
48	21	-0.302642
48	22	-0.297557
48	23	-0.292364
48	24	-0.287065
48	25	-0.28166
48	26	-0.276147
48	27	-0.270527
48	28	-0.2648
48	29	-0.258966
48	30	-0.253025
48	31	-0.246976
48	32	-0.24082
48	33	-0.234556
48	34	-0.228185
48	35	-0.221706
48	36	-0.21512
48	37	-0.208426
48	38	-0.201625
48	39	-0.194716
48	40	-0.1877
48	41	-0.180577
48	42	-0.173346
48	43	-0.166008
48	44	-0.158563
48	45	-0.15101
48	46	-0.143351
48	47	-0.135585
48	48	-0.127712
48	49	-0.119732
48	50	-0.111646
48	51	-0.103454
48	52	-0.0951562
48	53	-0.0867528
48	54	-0.0782443
48	55	-0.0696313
48	56	-0.0609145
48	57	-0.0520947
48	58	-0.0431733
48	59	-0.0341519
48	60	-0.0250333
48	61	-0.0158219
48	62	-0.00652623
49	0	-0.38658
49	1	-0.38286
49	2	-0.379379
49	3	-0.375948
49	4	-0.372501
49	5	-0.369006
49	6	-0.365444
49	7	-0.361805
49	8	-0.358081
49	9	-0.354267
49	10	-0.35036
49	11	-0.346355
49	12	-0.342252
49	13	-0.338049
49	14	-0.333745
49	15	-0.329338
49	16	-0.324827
49	17	-0.320213
49	18	-0.315493
49	19	-0.310669
49	20	-0.305739
49	21	-0.300704
49	22	-0.295562
49	23	-0.290314
49	24	-0.284959
49	25	-0.279498
49	26	-0.27393
49	27	-0.268255
49	28	-0.262472
49	29	-0.256583
49	30	-0.250586
49	31	-0.244482
49	32	-0.238271
49	33	-0.231952
49	34	-0.225526
49	35	-0.218993
49	36	-0.212352
49	37	-0.205603
49	38	-0.198747
49	39	-0.191784
49	40	-0.184713
49	41	-0.177535
49	42	-0.17025
49	43	-0.162857
49	44	-0.155358
49	45	-0.147751
49	46	-0.140038
49	47	-0.132217
49	48	-0.12429
49	49	-0.116257
49	50	-0.108117
49	51	-0.0998712
49	52	-0.0915198
49	53	-0.083063
49	54	-0.0745014
49	55	-0.0658355
49	56	-0.0570661
49	57	-0.0481943
49	58	-0.0392214
49	59	-0.0301495
49	60	-0.0209818
49	61	-0.011724
49	62	-0.00238787
50	0	-0.385922
50	1	-0.382116
50	2	-0.378559
50	3	-0.375059
50	4	-0.371545
50	5	-0.367986
50	6	-0.364361
50	7	-0.36066
50	8	-0.356876
50	9	-0.353002
50	10	-0.349035
50	11	-0.344972
50	12	-0.340811
50	13	-0.33655
50	14	-0.332188
50	15	-0.327724
50	16	-0.323156
50	17	-0.318485
50	18	-0.313709
50	19	-0.308828
50	20	-0.303842
50	21	-0.29875
50	22	-0.293553
50	23	-0.288249
50	24	-0.282839
50	25	-0.277322
50	26	-0.271698
50	27	-0.265967
50	28	-0.26013
50	29	-0.254185
50	30	-0.248133
50	31	-0.241974
50	32	-0.235707
50	33	-0.229334
50	34	-0.222853
50	35	-0.216264
50	36	-0.209568
50	37	-0.202765
50	38	-0.195854
50	39	-0.188836
50	40	-0.181711
50	41	-0.174479
50	42	-0.167139
50	43	-0.159692
50	44	-0.152138
50	45	-0.144477
50	46	-0.136709
50	47	-0.128835
50	48	-0.120854
50	49	-0.112766
50	50	-0.104573
50	51	-0.0962732
50	52	-0.0878683
50	53	-0.0793582
50	54	-0.0707435
50	55	-0.0620248
50	56	-0.053203
50	57	-0.0442793
50	58	-0.0352553
50	59	-0.0261333
50	60	-0.0169174
50	61	-0.00761484
51	0	-0.385253
51	1	-0.38136
51	2	-0.377728
51	3	-0.374157
51	4	-0.370576
51	5	-0.366952
51	6	-0.363265
51	7	-0.359502
51	8	-0.355657
51	9	-0.351723
51	10	-0.347697
51	11	-0.343575
51	12	-0.339356
51	13	-0.335037
51	14	-0.330617
51	15	-0.326095
51	16	-0.321471
51	17	-0.316742
51	18	-0.31191
51	19	-0.306973
51	20	-0.30193
51	21	-0.296783
51	22	-0.291529
51	23	-0.286169
51	24	-0.280703
51	25	-0.27513
51	26	-0.269451
51	27	-0.263665
51	28	-0.257772
51	29	-0.251772
51	30	-0.245665
51	31	-0.23945
51	32	-0.233129
51	33	-0.2267
51	34	-0.220164
51	35	-0.21352
51	36	-0.20677
51	37	-0.199912
51	38	-0.192946
51	39	-0.185874
51	40	-0.178694
51	41	-0.171407
51	42	-0.164012
51	43	-0.156511
51	44	-0.148903
51	45	-0.141188
51	46	-0.133366
51	47	-0.125437
51	48	-0.117402
51	49	-0.109261
51	50	-0.101013
51	51	-0.0926601
51	52	-0.0842017
51	53	-0.0756384
51	54	-0.0669707
51	55	-0.0581993
51	56	-0.0493253
51	57	-0.0403499
51	58	-0.031275
51	59	-0.0221036
51	60	-0.0128404
51	61	-0.00349538
52	0	-0.384572
52	1	-0.380591
52	2	-0.376883
52	3	-0.373242
52	4	-0.369595
52	5	-0.365906
52	6	-0.362155
52	7	-0.358331
52	8	-0.354424
52	9	-0.35043
52	10	-0.346345
52	11	-0.342164
52	12	-0.337886
52	13	-0.333509
52	14	-0.329032
52	15	-0.324452
52	16	-0.319771
52	17	-0.314986
52	18	-0.310096
52	19	-0.305103
52	20	-0.300004
52	21	-0.2948
52	22	-0.28949
52	23	-0.284075
52	24	-0.278553
52	25	-0.272924
52	26	-0.267189
52	27	-0.261348
52	28	-0.255399
52	29	-0.249344
52	30	-0.243181
52	31	-0.236912
52	32	-0.230535
52	33	-0.224051
52	34	-0.21746
52	35	-0.210762
52	36	-0.203956
52	37	-0.197043
52	38	-0.190023
52	39	-0.182896
52	40	-0.175661
52	41	-0.16832
52	42	-0.160871
52	43	-0.153315
52	44	-0.145652
52	45	-0.137883
52	46	-0.130007
52	47	-0.122024
52	48	-0.113935
52	49	-0.10574
52	50	-0.0974386
52	51	-0.089032
52	52	-0.0805201
52	53	-0.0719036
52	54	-0.063183
52	55	-0.0543591
52	56	-0.045433
52	57	-0.0364062
52	58	-0.0272809
52	59	-0.0180606
52	60	-0.00875157
53	0	-0.38388
53	1	-0.379811
53	2	-0.376027
53	3	-0.372315
53	4	-0.3686
53	5	-0.364846
53	6	-0.361032
53	7	-0.357146
53	8	-0.353178
53	9	-0.349124
53	10	-0.344979
53	11	-0.340739
53	12	-0.336403
53	13	-0.331968
53	14	-0.327432
53	15	-0.322796
53	16	-0.318057
53	17	-0.313215
53	18	-0.308269
53	19	-0.303218
53	20	-0.298063
53	21	-0.292803
53	22	-0.287437
53	23	-0.281965
53	24	-0.276388
53	25	-0.270703
53	26	-0.264913
53	27	-0.259016
53	28	-0.253012
53	29	-0.246901
53	30	-0.240683
53	31	-0.234358
53	32	-0.227926
53	33	-0.221387
53	34	-0.214741
53	35	-0.207988
53	36	-0.201127
53	37	-0.19416
53	38	-0.187085
53	39	-0.179903
53	40	-0.172614
53	41	-0.165217
53	42	-0.157714
53	43	-0.150104
53	44	-0.142387
53	45	-0.134563
53	46	-0.126633
53	47	-0.118596
53	48	-0.110453
53	49	-0.102204
53	50	-0.093849
53	51	-0.0853888
53	52	-0.0768236
53	53	-0.068154
53	54	-0.0593805
53	55	-0.0505042
53	56	-0.0415263
53	57	-0.0324484
53	58	-0.0232731
53	59	-0.0140048
53	60	-0.00465166
54	0	-0.383176
54	1	-0.379019
54	2	-0.375158
54	3	-0.371375
54	4	-0.367593
54	5	-0.363773
54	6	-0.359896
54	7	-0.355947
54	8	-0.351919
54	9	-0.347804
54	10	-0.343599
54	11	-0.3393
54	12	-0.334905
54	13	-0.330412
54	14	-0.325819
54	15	-0.321125
54	16	-0.316328
54	17	-0.311429
54	18	-0.306426
54	19	-0.30132
54	20	-0.296108
54	21	-0.290791
54	22	-0.285369
54	23	-0.279841
54	24	-0.274208
54	25	-0.268468
54	26	-0.262622
54	27	-0.256669
54	28	-0.250609
54	29	-0.244443
54	30	-0.23817
54	31	-0.23179
54	32	-0.225303
54	33	-0.218709
54	34	-0.212008
54	35	-0.205199
54	36	-0.198284
54	37	-0.191261
54	38	-0.184132
54	39	-0.176895
54	40	-0.169551
54	41	-0.1621
54	42	-0.154542
54	43	-0.146878
54	44	-0.139106
54	45	-0.131228
54	46	-0.123244
54	47	-0.115153
54	48	-0.106956
54	49	-0.0986528
54	50	-0.0902443
54	51	-0.0817306
54	52	-0.0731121
54	53	-0.0643894
54	54	-0.0555633
54	55	-0.0466348
54	56	-0.0376052
54	57	-0.0284765
54	58	-0.0192519
54	59	-0.00993668
54	60	-0.000541968
55	0	-0.38246
55	1	-0.378215
55	2	-0.374277
55	3	-0.370423
55	4	-0.366573
55	5	-0.362688
55	6	-0.358747
55	7	-0.354736
55	8	-0.350646
55	9	-0.346471
55	10	-0.342206
55	11	-0.337848
55	12	-0.333394
55	13	-0.328842
55	14	-0.324191
55	15	-0.319439
55	16	-0.314586
55	17	-0.30963
55	18	-0.30457
55	19	-0.299406
55	20	-0.294138
55	21	-0.288765
55	22	-0.283287
55	23	-0.277703
55	24	-0.272013
55	25	-0.266218
55	26	-0.260316
55	27	-0.254307
55	28	-0.248192
55	29	-0.24197
55	30	-0.235642
55	31	-0.229207
55	32	-0.222664
55	33	-0.216015
55	34	-0.209259
55	35	-0.202395
55	36	-0.195425
55	37	-0.188348
55	38	-0.181163
55	39	-0.173872
55	40	-0.166473
55	41	-0.158968
55	42	-0.151355
55	43	-0.143636
55	44	-0.135811
55	45	-0.127878
55	46	-0.119839
55	47	-0.111694
55	48	-0.103444
55	49	-0.0950868
55	50	-0.0866246
55	51	-0.0780574
55	52	-0.0693857
55	53	-0.0606101
55	54	-0.0517314
55	55	-0.0427508
55	56	-0.0336698
55	57	-0.0244908
55	58	-0.0152175
55	59	-0.00585687
56	0	-0.381733
56	1	-0.377398
56	2	-0.373383
56	3	-0.369458
56	4	-0.36554
56	5	-0.361589
56	6	-0.357584
56	7	-0.353511
56	8	-0.34936
56	9	-0.345124
56	10	-0.340799
56	11	-0.336382
56	12	-0.331869
56	13	-0.327259
56	14	-0.32255
56	15	-0.31774
56	16	-0.312829
56	17	-0.307816
56	18	-0.302699
56	19	-0.297479
56	20	-0.292154
56	21	-0.286724
56	22	-0.28119
56	23	-0.27555
56	24	-0.269804
56	25	-0.263953
56	26	-0.257995
56	27	-0.251931
56	28	-0.24576
56	29	-0.239483
56	30	-0.233099
56	31	-0.226608
56	32	-0.220011
56	33	-0.213306
56	34	-0.206495
56	35	-0.199577
56	36	-0.192551
56	37	-0.185419
56	38	-0.17818
56	39	-0.170833
56	40	-0.16338
56	41	-0.15582
56	42	-0.148153
56	43	-0.14038
56	44	-0.1325
56	45	-0.124513
56	46	-0.11642
56	47	-0.108221
56	48	-0.0999162
56	49	-0.0915057
56	50	-0.08299
56	51	-0.0743694
56	52	-0.0656445
56	53	-0.056816
56	54	-0.0478849
56	55	-0.0388524
56	56	-0.0297203
56	57	-0.0204915
56	58	-0.0111704
56	59	-0.00176633
57	0	-0.380994
57	1	-0.37657
57	2	-0.372478
57	3	-0.36848
57	4	-0.364494
57	5	-0.360478
57	6	-0.356409
57	7	-0.352273
57	8	-0.34806
57	9	-0.343763
57	10	-0.339378
57	11	-0.334902
57	12	-0.33033
57	13	-0.325661
57	14	-0.320894
57	15	-0.316027
57	16	-0.311058
57	17	-0.305987
57	18	-0.300814
57	19	-0.295537
57	20	-0.290155
57	21	-0.284669
57	22	-0.279078
57	23	-0.273382
57	24	-0.26758
57	25	-0.261673
57	26	-0.255659
57	27	-0.249539
57	28	-0.243313
57	29	-0.236981
57	30	-0.230541
57	31	-0.223995
57	32	-0.217342
57	33	-0.210583
57	34	-0.203716
57	35	-0.196743
57	36	-0.189663
57	37	-0.182475
57	38	-0.175181
57	39	-0.16778
57	40	-0.160272
57	41	-0.152658
57	42	-0.144936
57	43	-0.137108
57	44	-0.129174
57	45	-0.121133
57	46	-0.112986
57	47	-0.104733
57	48	-0.096374
57	49	-0.0879097
57	50	-0.0793404
57	51	-0.0706664
57	52	-0.0618885
57	53	-0.0530073
57	54	-0.0440239
57	55	-0.0349397
57	56	-0.0257569
57	57	-0.0164788
57	58	-0.00711121
58	0	-0.380243
58	1	-0.37573
58	2	-0.371559
58	3	-0.36749
58	4	-0.363435
58	5	-0.359353
58	6	-0.35522
58	7	-0.351021
58	8	-0.346747
58	9	-0.342389
58	10	-0.337944
58	11	-0.333408
58	12	-0.328777
58	13	-0.32405
58	14	-0.319224
58	15	-0.314299
58	16	-0.309273
58	17	-0.304145
58	18	-0.298914
58	19	-0.29358
58	20	-0.288142
58	21	-0.2826
58	22	-0.276952
58	23	-0.2712
58	24	-0.265342
58	25	-0.259379
58	26	-0.253309
58	27	-0.247134
58	28	-0.240852
58	29	-0.234463
58	30	-0.227969
58	31	-0.221367
58	32	-0.214659
58	33	-0.207844
58	34	-0.200923
58	35	-0.193894
58	36	-0.186759
58	37	-0.179517
58	38	-0.172168
58	39	-0.164712
58	40	-0.157149
58	41	-0.14948
58	42	-0.141704
58	43	-0.133822
58	44	-0.125833
58	45	-0.117738
58	46	-0.109536
58	47	-0.101229
58	48	-0.0928167
58	49	-0.0842987
58	50	-0.0756758
58	51	-0.0669486
58	52	-0.0581177
58	53	-0.0491839
58	54	-0.0401484
58	55	-0.0310129
58	56	-0.0217798
58	57	-0.0124532
58	58	-0.00304052
59	0	-0.379481
59	1	-0.374878
59	2	-0.370629
59	3	-0.366487
59	4	-0.362364
59	5	-0.358216
59	6	-0.354018
59	7	-0.349757
59	8	-0.34542
59	9	-0.341002
59	10	-0.336496
59	11	-0.3319
59	12	-0.327211
59	13	-0.322425
59	14	-0.317541
59	15	-0.312558
59	16	-0.307474
59	17	-0.302288
59	18	-0.297
59	19	-0.291609
59	20	-0.286115
59	21	-0.280516
59	22	-0.274812
59	23	-0.269003
59	24	-0.263089
59	25	-0.25707
59	26	-0.250944
59	27	-0.244713
59	28	-0.238375
59	29	-0.231931
59	30	-0.225381
59	31	-0.218724
59	32	-0.211961
59	33	-0.205091
59	34	-0.198114
59	35	-0.19103
59	36	-0.18384
59	37	-0.176543
59	38	-0.169139
59	39	-0.161629
59	40	-0.154011
59	41	-0.146287
59	42	-0.138457
59	43	-0.13052
59	44	-0.122477
59	45	-0.114327
59	46	-0.106072
59	47	-0.097711
59	48	-0.0892445
59	49	-0.0806728
59	50	-0.0719965
59	51	-0.063216
59	52	-0.0543322
59	53	-0.0453459
59	54	-0.0362585
59	55	-0.027072
59	56	-0.0177891
59	57	-0.00841493
60	0	-0.378707
60	1	-0.374013
60	2	-0.369686
60	3	-0.365472
60	4	-0.36128
60	5	-0.357066
60	6	-0.352804
60	7	-0.348479
60	8	-0.34408
60	9	-0.339601
60	10	-0.335035
60	11	-0.330379
60	12	-0.32563
60	13	-0.320786
60	14	-0.315843
60	15	-0.310802
60	16	-0.30566
60	17	-0.300418
60	18	-0.295072
60	19	-0.289624
60	20	-0.284073
60	21	-0.278417
60	22	-0.272657
60	23	-0.266792
60	24	-0.260822
60	25	-0.254746
60	26	-0.248565
60	27	-0.242278
60	28	-0.235884
60	29	-0.229385
60	30	-0.222779
60	31	-0.216067
60	32	-0.209248
60	33	-0.202323
60	34	-0.195291
60	35	-0.188152
60	36	-0.180906
60	37	-0.173554
60	38	-0.166096
60	39	-0.15853
60	40	-0.150858
60	41	-0.14308
60	42	-0.135195
60	43	-0.127203
60	44	-0.119106
60	45	-0.110902
60	46	-0.102593
60	47	-0.0941777
60	48	-0.0856573
60	49	-0.077032
60	50	-0.0683023
60	51	-0.0594687
60	52	-0.0505321
60	53	-0.0414935
60	54	-0.0323545
60	55	-0.0231172
60	56	-0.0137852
60	57	-0.00436467
61	0	-0.377922
61	1	-0.373137
61	2	-0.368731
61	3	-0.364445
61	4	-0.360183
61	5	-0.355902
61	6	-0.351576
61	7	-0.347188
61	8	-0.342727
61	9	-0.338186
61	10	-0.33356
61	11	-0.328844
61	12	-0.324036
61	13	-0.319132
61	14	-0.314132
61	15	-0.309032
61	16	-0.303833
61	17	-0.298533
61	18	-0.29313
61	19	-0.287625
61	20	-0.282016
61	21	-0.276304
61	22	-0.270487
61	23	-0.264566
61	24	-0.25854
61	25	-0.252408
61	26	-0.246171
61	27	-0.239828
61	28	-0.233379
61	29	-0.226823
61	30	-0.220162
61	31	-0.213394
61	32	-0.20652
61	33	-0.199539
61	34	-0.192452
61	35	-0.185258
61	36	-0.177958
61	37	-0.170551
61	38	-0.163037
61	39	-0.155417
61	40	-0.14769
61	41	-0.139857
61	42	-0.131918
61	43	-0.123872
61	44	-0.11572
61	45	-0.107462
61	46	-0.0990984
61	47	-0.0906294
61	48	-0.0820552
61	49	-0.0733764
61	50	-0.0645933
61	51	-0.0557067
61	52	-0.0467174
61	53	-0.0376267
61	54	-0.0284363
61	55	-0.0191487
61	56	-0.0097683
61	57	-0.000303145
62	0	-0.377125
62	1	-0.372249
62	2	-0.367764
62	3	-0.363405
62	4	-0.359074
62	5	-0.354726
62	6	-0.350335
62	7	-0.345883
62	8	-0.34136
62	9	-0.336758
62	10	-0.332071
62	11	-0.327296
62	12	-0.322428
62	13	-0.317466
62	14	-0.312406
62	15	-0.307249
62	16	-0.301991
62	17	-0.296633
62	18	-0.291174
62	19	-0.285611
62	20	-0.279946
62	21	-0.274177
62	22	-0.268304
62	23	-0.262326
62	24	-0.256243
62	25	-0.250055
62	26	-0.243762
62	27	-0.237363
62	28	-0.230858
62	29	-0.224247
62	30	-0.21753
62	31	-0.210707
62	32	-0.203777
62	33	-0.196741
62	34	-0.189599
62	35	-0.18235
62	36	-0.174994
62	37	-0.167532
62	38	-0.159964
62	39	-0.152289
62	40	-0.144507
62	41	-0.13662
62	42	-0.128625
62	43	-0.120525
62	44	-0.112319
62	45	-0.104007
62	46	-0.0955892
62	47	-0.0870662
62	48	-0.0784383
62	49	-0.0697059
62	50	-0.0608695
62	51	-0.05193
62	52	-0.0428882
62	53	-0.0337456
62	54	-0.0245041
62	55	-0.0151668
62	56	-0.00573898
63	0	-0.376317
63	1	-0.371349
63	2	-0.366785
63	3	-0.362352
63	4	-0.357952
63	5	-0.353537
63	6	-0.349081
63	7	-0.344566
63	8	-0.33998
63	9	-0.335317
63	10	-0.330569
63	11	-0.325734
63	12	-0.320806
63	13	-0.315785
63	14	-0.310667
63	15	-0.305451
63	16	-0.300136
63	17	-0.29472
63	18	-0.289203
63	19	-0.283583
63	20	-0.277861
63	21	-0.272035
63	22	-0.266105
63	23	-0.260071
63	24	-0.253932
63	25	-0.247688
63	26	-0.241339
63	27	-0.234884
63	28	-0.228323
63	29	-0.221656
63	30	-0.214884
63	31	-0.208005
63	32	-0.20102
63	33	-0.193929
63	34	-0.186731
63	35	-0.179427
63	36	-0.172016
63	37	-0.164499
63	38	-0.156876
63	39	-0.149146
63	40	-0.14131
63	41	-0.133367
63	42	-0.125318
63	43	-0.117164
63	44	-0.108903
63	45	-0.100537
63	46	-0.0920651
63	47	-0.0834882
63	48	-0.0748066
63	49	-0.0660207
63	50	-0.0571311
63	51	-0.0481387
63	52	-0.0390446
63	53	-0.0298503
63	54	-0.0205581
63	55	-0.0111717
63	56	-0.00169776
64	0	-0.375497
64	1	-0.370436
64	2	-0.365793
64	3	-0.361287
64	4	-0.356817
64	5	-0.352336
64	6	-0.347814
64	7	-0.343235
64	8	-0.338587
64	9	-0.333862
64	10	-0.329054
64	11	-0.324158
64	12	-0.319171
64	13	-0.31409
64	14	-0.308914
64	15	-0.30364
64	16	-0.298266
64	17	-0.292793
64	18	-0.287218
64	19	-0.281541
64	20	-0.275762
64	21	-0.269879
64	22	-0.263893
64	23	-0.257802
64	24	-0.251606
64	25	-0.245306
64	26	-0.238901
64	27	-0.23239
64	28	-0.225773
64	29	-0.219051
64	30	-0.212223
64	31	-0.205288
64	32	-0.198248
64	33	-0.191101
64	34	-0.183848
64	35	-0.176489
64	36	-0.169023
64	37	-0.161451
64	38	-0.153773
64	39	-0.145988
64	40	-0.138097
64	41	-0.1301
64	42	-0.121996
64	43	-0.113787
64	44	-0.105472
64	45	-0.0970518
64	46	-0.0885261
64	47	-0.0798953
64	48	-0.07116
64	49	-0.0623207
64	50	-0.053378
64	51	-0.0443329
64	52	-0.0351866
64	53	-0.0259409
64	54	-0.0165984
64	55	-0.00716373
65	0	-0.374665
65	1	-0.369512
65	2	-0.364789
65	3	-0.360209
65	4	-0.35567
65	5	-0.351121
65	6	-0.346534
65	7	-0.341891
65	8	-0.337181
65	9	-0.332394
65	10	-0.327525
65	11	-0.322569
65	12	-0.317522
65	13	-0.312382
65	14	-0.307147
65	15	-0.301814
65	16	-0.296383
65	17	-0.290851
65	18	-0.285219
65	19	-0.279485
65	20	-0.273648
65	21	-0.267709
65	22	-0.261666
65	23	-0.255518
65	24	-0.249266
65	25	-0.24291
65	26	-0.236448
65	27	-0.229881
65	28	-0.223209
65	29	-0.216431
65	30	-0.209547
65	31	-0.202557
65	32	-0.195461
65	33	-0.188259
65	34	-0.18095
65	35	-0.173536
65	36	-0.166015
65	37	-0.158388
65	38	-0.150654
65	39	-0.142815
65	40	-0.134869
65	41	-0.126817
65	42	-0.11866
65	43	-0.110396
65	44	-0.102027
65	45	-0.093552
65	46	-0.0849722
65	47	-0.0762876
65	48	-0.0674987
65	49	-0.0586061
65	50	-0.0496104
65	51	-0.0405127
65	52	-0.0313144
65	53	-0.0220176
65	54	-0.0126254
65	55	-0.0031434
66	0	-0.373822
66	1	-0.368576
66	2	-0.363773
66	3	-0.359119
66	4	-0.35451
66	5	-0.349894
66	6	-0.345241
66	7	-0.340534
66	8	-0.335761
66	9	-0.330912
66	10	-0.325982
66	11	-0.320966
66	12	-0.315859
66	13	-0.31066
66	14	-0.305366
66	15	-0.299975
66	16	-0.294485
66	17	-0.288896
66	18	-0.283206
66	19	-0.277415
66	20	-0.271521
66	21	-0.265524
66	22	-0.259424
66	23	-0.25322
66	24	-0.246912
66	25	-0.240499
66	26	-0.233981
66	27	-0.227358
66	28	-0.22063
66	29	-0.213796
66	30	-0.206856
66	31	-0.199811
66	32	-0.192659
66	33	-0.185402
66	34	-0.178038
66	35	-0.170568
66	36	-0.162992
66	37	-0.15531
66	38	-0.147522
66	39	-0.139627
66	40	-0.131627
66	41	-0.12352
66	42	-0.115308
66	43	-0.10699
66	44	-0.0985662
66	45	-0.0900374
66	46	-0.0814036
66	47	-0.0726652
66	48	-0.0638227
66	49	-0.0548768
66	50	-0.0458282
66	51	-0.0366781
66	52	-0.027428
66	53	-0.0180805
66	54	-0.00863921
67	0	-0.372967
67	1	-0.367628
67	2	-0.362745
67	3	-0.358017
67	4	-0.353337
67	5	-0.348653
67	6	-0.343935
67	7	-0.339165
67	8	-0.334328
67	9	-0.329418
67	10	-0.324426
67	11	-0.319349
67	12	-0.314183
67	13	-0.308924
67	14	-0.303571
67	15	-0.298121
67	16	-0.292573
67	17	-0.286926
67	18	-0.281179
67	19	-0.27533
67	20	-0.269379
67	21	-0.263325
67	22	-0.257168
67	23	-0.250908
67	24	-0.244543
67	25	-0.238074
67	26	-0.2315
67	27	-0.224821
67	28	-0.218036
67	29	-0.211147
67	30	-0.204151
67	31	-0.19705
67	32	-0.189843
67	33	-0.18253
67	34	-0.175111
67	35	-0.167586
67	36	-0.159955
67	37	-0.152217
67	38	-0.144374
67	39	-0.136425
67	40	-0.128369
67	41	-0.120208
67	42	-0.111941
67	43	-0.103569
67	44	-0.0950909
67	45	-0.0865079
67	46	-0.0778201
67	47	-0.069028
67	48	-0.060132
67	49	-0.0511329
67	50	-0.0420315
67	51	-0.0328292
67	52	-0.0235277
67	53	-0.0141298
67	54	-0.00464027
68	0	-0.372101
68	1	-0.366669
68	2	-0.361704
68	3	-0.356902
68	4	-0.352152
68	5	-0.3474
68	6	-0.342617
68	7	-0.337781
68	8	-0.332882
68	9	-0.327909
68	10	-0.322857
68	11	-0.317719
68	12	-0.312493
68	13	-0.307175
68	14	-0.301762
68	15	-0.296254
68	16	-0.290648
68	17	-0.284943
68	18	-0.279137
68	19	-0.273231
68	20	-0.267223
68	21	-0.261112
68	22	-0.254898
68	23	-0.248581
68	24	-0.24216
68	25	-0.235634
68	26	-0.229004
68	27	-0.222269
68	28	-0.215428
68	29	-0.208482
68	30	-0.201431
68	31	-0.194274
68	32	-0.187012
68	33	-0.179643
68	34	-0.172169
68	35	-0.164588
68	36	-0.156902
68	37	-0.14911
68	38	-0.141211
68	39	-0.133207
68	40	-0.125097
68	41	-0.116881
68	42	-0.10856
68	43	-0.100133
68	44	-0.0916007
68	45	-0.0829636
68	46	-0.074222
68	47	-0.0653761
68	48	-0.0564267
68	49	-0.0473744
68	50	-0.0382204
68	51	-0.028966
68	52	-0.0196134
68	53	-0.0101658
68	54	-0.000628995
69	0	-0.371223
69	1	-0.365697
69	2	-0.360652
69	3	-0.355775
69	4	-0.350954
69	5	-0.346135
69	6	-0.341285
69	7	-0.336385
69	8	-0.331423
69	9	-0.326388
69	10	-0.321274
69	11	-0.316076
69	12	-0.310789
69	13	-0.305411
69	14	-0.29994
69	15	-0.294373
69	16	-0.288708
69	17	-0.282945
69	18	-0.277082
69	19	-0.271118
69	20	-0.265052
69	21	-0.258885
69	22	-0.252614
69	23	-0.24624
69	24	-0.239762
69	25	-0.23318
69	26	-0.226493
69	27	-0.219702
69	28	-0.212805
69	29	-0.205804
69	30	-0.198697
69	31	-0.191484
69	32	-0.184166
69	33	-0.176742
69	34	-0.169212
69	35	-0.161576
69	36	-0.153835
69	37	-0.145987
69	38	-0.138034
69	39	-0.129975
69	40	-0.12181
69	41	-0.11354
69	42	-0.105164
69	43	-0.0966822
69	44	-0.0880958
69	45	-0.0794046
69	46	-0.070609
69	47	-0.0617095
69	48	-0.0527068
69	49	-0.0436015
69	50	-0.034395
69	51	-0.0250888
69	52	-0.0156854
69	53	-0.00618867
70	0	-0.370333
70	1	-0.364713
70	2	-0.359587
70	3	-0.354635
70	4	-0.349744
70	5	-0.344856
70	6	-0.33994
70	7	-0.334976
70	8	-0.32995
70	9	-0.324853
70	10	-0.319678
70	11	-0.314418
70	12	-0.309072
70	13	-0.303634
70	14	-0.298104
70	15	-0.292478
70	16	-0.286755
70	17	-0.280933
70	18	-0.275012
70	19	-0.268991
70	20	-0.262868
70	21	-0.256643
70	22	-0.250315
70	23	-0.243884
70	24	-0.23735
70	25	-0.230711
70	26	-0.223968
70	27	-0.217121
70	28	-0.210168
70	29	-0.203111
70	30	-0.195948
70	31	-0.188679
70	32	-0.181306
70	33	-0.173826
70	34	-0.166241
70	35	-0.15855
70	36	-0.150753
70	37	-0.14285
70	38	-0.134842
70	39	-0.126728
70	40	-0.118508
70	41	-0.110183
70	42	-0.101753
70	43	-0.0932168
70	44	-0.0845762
70	45	-0.0758309
70	46	-0.0669815
70	47	-0.0580284
70	48	-0.0489723
70	49	-0.0398142
70	50	-0.0305553
70	51	-0.0211976
70	52	-0.0117438
70	53	-0.00219882
71	0	-0.369433
71	1	-0.363718
71	2	-0.35851
71	3	-0.353483
71	4	-0.348521
71	5	-0.343565
71	6	-0.338583
71	7	-0.333554
71	8	-0.328465
71	9	-0.323305
71	10	-0.318068
71	11	-0.312748
71	12	-0.307341
71	13	-0.301844
71	14	-0.296254
71	15	-0.290569
71	16	-0.284787
71	17	-0.278908
71	18	-0.272929
71	19	-0.26685
71	20	-0.260669
71	21	-0.254387
71	22	-0.248002
71	23	-0.241515
71	24	-0.234923
71	25	-0.228228
71	26	-0.221429
71	27	-0.214525
71	28	-0.207516
71	29	-0.200403
71	30	-0.193184
71	31	-0.18586
71	32	-0.17843
71	33	-0.170895
71	34	-0.163255
71	35	-0.155508
71	36	-0.147656
71	37	-0.139699
71	38	-0.131635
71	39	-0.123466
71	40	-0.115192
71	41	-0.106812
71	42	-0.0983268
71	43	-0.0897367
71	44	-0.0810418
71	45	-0.0722425
71	46	-0.0633392
71	47	-0.0543326
71	48	-0.0452233
71	49	-0.0360125
71	50	-0.0267015
71	51	-0.0172925
71	52	-0.00778895
72	0	-0.36852
72	1	-0.36271
72	2	-0.357421
72	3	-0.352319
72	4	-0.347285
72	5	-0.342261
72	6	-0.337212
72	7	-0.332119
72	8	-0.326966
72	9	-0.321744
72	10	-0.316445
72	11	-0.311064
72	12	-0.305597
72	13	-0.30004
72	14	-0.29439
72	15	-0.288646
72	16	-0.282806
72	17	-0.276868
72	18	-0.270831
72	19	-0.264694
72	20	-0.258457
72	21	-0.252117
72	22	-0.245675
72	23	-0.239131
72	24	-0.232483
72	25	-0.225731
72	26	-0.218875
72	27	-0.211915
72	28	-0.20485
72	29	-0.197681
72	30	-0.190406
72	31	-0.183026
72	32	-0.175541
72	33	-0.16795
72	34	-0.160254
72	35	-0.152452
72	36	-0.144545
72	37	-0.136532
72	38	-0.128414
72	39	-0.12019
72	40	-0.111861
72	41	-0.103426
72	42	-0.0948863
72	43	-0.0862418
72	44	-0.0774927
72	45	-0.0686394
72	46	-0.0596824
72	47	-0.0506223
72	48	-0.0414599
72	49	-0.0321965
72	50	-0.0228336
72	51	-0.0133738
72	52	-0.00382102
73	0	-0.367596
73	1	-0.361691
73	2	-0.356319
73	3	-0.351142
73	4	-0.346037
73	5	-0.340944
73	6	-0.335829
73	7	-0.33067
73	8	-0.325454
73	9	-0.320169
73	10	-0.314808
73	11	-0.309366
73	12	-0.303839
73	13	-0.298222
73	14	-0.292513
73	15	-0.28671
73	16	-0.280811
73	17	-0.274815
73	18	-0.26872
73	19	-0.262525
73	20	-0.25623
73	21	-0.249833
73	22	-0.243334
73	23	-0.236732
73	24	-0.230027
73	25	-0.223219
73	26	-0.216307
73	27	-0.20929
73	28	-0.20217
73	29	-0.194944
73	30	-0.187613
73	31	-0.180177
73	32	-0.172637
73	33	-0.16499
73	34	-0.157239
73	35	-0.149382
73	36	-0.141419
73	37	-0.133351
73	38	-0.125177
73	39	-0.116899
73	40	-0.108515
73	41	-0.100025
73	42	-0.0914311
73	43	-0.0827322
73	44	-0.0739289
73	45	-0.0650217
73	46	-0.0560109
73	47	-0.0468974
73	48	-0.0376821
73	49	-0.0283663
73	50	-0.0189518
73	51	-0.00944149
74	0	-0.366661
74	1	-0.36066
74	2	-0.355206
74	3	-0.349953
74	4	-0.344776
74	5	-0.339615
74	6	-0.334433
74	7	-0.329209
74	8	-0.323929
74	9	-0.318581
74	10	-0.313159
74	11	-0.307655
74	12	-0.302067
74	13	-0.29639
74	14	-0.290622
74	15	-0.28476
74	16	-0.278802
74	17	-0.272747
74	18	-0.266594
74	19	-0.260342
74	20	-0.253989
74	21	-0.247534
74	22	-0.240978
74	23	-0.23432
74	24	-0.227558
74	25	-0.220693
74	26	-0.213724
74	27	-0.206652
74	28	-0.199474
74	29	-0.192193
74	30	-0.184806
74	31	-0.177314
74	32	-0.169718
74	33	-0.162016
74	34	-0.154209
74	35	-0.146296
74	36	-0.138278
74	37	-0.130155
74	38	-0.121926
74	39	-0.113593
74	40	-0.105154
74	41	-0.0966099
74	42	-0.0879612
74	43	-0.079208
74	44	-0.0703505
74	45	-0.0613893
74	46	-0.052325
74	47	-0.0431582
74	48	-0.03389
74	49	-0.0245219
74	50	-0.0150561
74	51	-0.00549591
75	0	-0.365713
75	1	-0.359617
75	2	-0.35408
75	3	-0.348752
75	4	-0.343503
75	5	-0.338272
75	6	-0.333024
75	7	-0.327735
75	8	-0.322391
75	9	-0.31698
75	10	-0.311495
75	11	-0.305931
75	12	-0.300282
75	13	-0.294545
75	14	-0.288717
75	15	-0.282796
75	16	-0.276779
75	17	-0.270666
75	18	-0.264455
75	19	-0.258144
75	20	-0.251734
75	21	-0.245222
75	22	-0.238608
75	23	-0.231893
75	24	-0.225074
75	25	-0.218153
75	26	-0.211127
75	27	-0.203998
75	28	-0.196765
75	29	-0.189427
75	30	-0.181984
75	31	-0.174437
75	32	-0.166784
75	33	-0.159027
75	34	-0.151164
75	35	-0.143196
75	36	-0.135123
75	37	-0.126944
75	38	-0.118661
75	39	-0.110272
75	40	-0.101778
75	41	-0.0931798
75	42	-0.0844766
75	43	-0.0756691
75	44	-0.0667575
75	45	-0.0577425
75	46	-0.0486245
75	47	-0.0394045
75	48	-0.0300837
75	49	-0.0206636
75	50	-0.0111467
75	51	-0.00153729
76	0	-0.364755
76	1	-0.358562
76	2	-0.352943
76	3	-0.347538
76	4	-0.342217
76	5	-0.336918
76	6	-0.331602
76	7	-0.326248
76	8	-0.320839
76	9	-0.315366
76	10	-0.309819
76	11	-0.304193
76	12	-0.298483
76	13	-0.292686
76	14	-0.286799
76	15	-0.280818
76	16	-0.274743
76	17	-0.268571
76	18	-0.262301
76	19	-0.255933
76	20	-0.249464
76	21	-0.242895
76	22	-0.236224
76	23	-0.229452
76	24	-0.222576
76	25	-0.215598
76	26	-0.208516
76	27	-0.20133
76	28	-0.194041
76	29	-0.186646
76	30	-0.179148
76	31	-0.171544
76	32	-0.163836
76	33	-0.156023
76	34	-0.148105
76	35	-0.140081
76	36	-0.131953
76	37	-0.123719
76	38	-0.115381
76	39	-0.106937
76	40	-0.0983884
76	41	-0.0897352
76	42	-0.0809774
76	43	-0.0721156
76	44	-0.0631499
76	45	-0.0540811
76	46	-0.0449096
76	47	-0.0356365
76	48	-0.0262631
76	49	-0.0167913
76	50	-0.0072239
77	0	-0.363785
77	1	-0.357495
77	2	-0.351793
77	3	-0.346312
77	4	-0.340919
77	5	-0.33555
77	6	-0.330167
77	7	-0.324748
77	8	-0.319275
77	9	-0.313738
77	10	-0.308129
77	11	-0.302442
77	12	-0.296671
77	13	-0.290814
77	14	-0.284866
77	15	-0.278827
77	16	-0.272692
77	17	-0.266462
77	18	-0.260134
77	19	-0.253707
77	20	-0.247181
77	21	-0.240554
77	22	-0.233826
77	23	-0.226996
77	24	-0.220064
77	25	-0.213029
77	26	-0.20589
77	27	-0.198648
77	28	-0.191302
77	29	-0.183852
77	30	-0.176297
77	31	-0.168638
77	32	-0.160874
77	33	-0.153005
77	34	-0.145031
77	35	-0.136952
77	36	-0.128768
77	37	-0.120479
77	38	-0.112086
77	39	-0.103587
77	40	-0.0949837
77	41	-0.0862758
77	42	-0.0774636
77	43	-0.0685475
77	44	-0.0595278
77	45	-0.0504052
77	46	-0.0411803
77	47	-0.0318543
77	48	-0.0224285
77	49	-0.0129052
77	50	-0.00328777
78	0	-0.362803
78	1	-0.356417
78	2	-0.350631
78	3	-0.345073
78	4	-0.339608
78	5	-0.33417
78	6	-0.32872
78	7	-0.323235
78	8	-0.317698
78	9	-0.312098
78	10	-0.306426
78	11	-0.300677
78	12	-0.294846
78	13	-0.288928
78	14	-0.282921
78	15	-0.276821
78	16	-0.270628
78	17	-0.264339
78	18	-0.257953
78	19	-0.251468
78	20	-0.244884
78	21	-0.238199
78	22	-0.231414
78	23	-0.224527
78	24	-0.217538
78	25	-0.210446
78	26	-0.20325
78	27	-0.195952
78	28	-0.188549
78	29	-0.181043
78	30	-0.173432
78	31	-0.165717
78	32	-0.157897
78	33	-0.149972
78	34	-0.141943
78	35	-0.133808
78	36	-0.125569
78	37	-0.117225
78	38	-0.108776
78	39	-0.100223
78	40	-0.0915644
78	41	-0.0828019
78	42	-0.0739353
78	43	-0.0649649
78	44	-0.0558912
78	45	-0.0467148
78	46	-0.0374366
78	47	-0.0280578
78	48	-0.0185799
78	49	-0.00900544
79	0	-0.36181
79	1	-0.355327
79	2	-0.349457
79	3	-0.343823
79	4	-0.338285
79	5	-0.332777
79	6	-0.32726
79	7	-0.321709
79	8	-0.316107
79	9	-0.310444
79	10	-0.30471
79	11	-0.298899
79	12	-0.293007
79	13	-0.287029
79	14	-0.280961
79	15	-0.274802
79	16	-0.26855
79	17	-0.262202
79	18	-0.255757
79	19	-0.249215
79	20	-0.242573
79	21	-0.235831
79	22	-0.228988
79	23	-0.222043
79	24	-0.214997
79	25	-0.207848
79	26	-0.200596
79	27	-0.193241
79	28	-0.185782
79	29	-0.178219
79	30	-0.170552
79	31	-0.162781
79	32	-0.154905
79	33	-0.146925
79	34	-0.13884
79	35	-0.13065
79	36	-0.122355
79	37	-0.113956
79	38	-0.105452
79	39	-0.0968435
79	40	-0.0881306
79	41	-0.0793134
79	42	-0.0703923
79	43	-0.0613677
79	44	-0.0522401
79	45	-0.0430101
79	46	-0.0336787
79	47	-0.0242471
79	48	-0.0147173
79	49	-0.00509221
80	0	-0.360806
80	1	-0.354224
80	2	-0.348271
80	3	-0.34256
80	4	-0.33695
80	5	-0.331372
80	6	-0.325787
80	7	-0.32017
80	8	-0.314504
80	9	-0.308777
80	10	-0.302981
80	11	-0.297108
80	12	-0.291155
80	13	-0.285116
80	14	-0.278988
80	15	-0.27277
80	16	-0.266458
80	17	-0.260052
80	18	-0.253548
80	19	-0.246947
80	20	-0.240247
80	21	-0.233447
80	22	-0.226547
80	23	-0.219546
80	24	-0.212442
80	25	-0.205236
80	26	-0.197928
80	27	-0.190516
80	28	-0.183
80	29	-0.175381
80	30	-0.167658
80	31	-0.159831
80	32	-0.151899
80	33	-0.143863
80	34	-0.135722
80	35	-0.127477
80	36	-0.119127
80	37	-0.110672
80	38	-0.102113
80	39	-0.0934499
80	40	-0.0846821
80	41	-0.0758103
80	42	-0.0668348
80	43	-0.057756
80	44	-0.0485745
80	45	-0.039291
80	46	-0.0299065
80	47	-0.0204224
80	48	-0.010841
80	49	-0.00116568
81	0	-0.35979
81	1	-0.35311
81	2	-0.347073
81	3	-0.341285
81	4	-0.335601
81	5	-0.329954
81	6	-0.324301
81	7	-0.318618
81	8	-0.312887
81	9	-0.307097
81	10	-0.301238
81	11	-0.295303
81	12	-0.289289
81	13	-0.283189
81	14	-0.277002
81	15	-0.270724
81	16	-0.264353
81	17	-0.257887
81	18	-0.251325
81	19	-0.244666
81	20	-0.237908
81	21	-0.23105
81	22	-0.224093
81	23	-0.217034
81	24	-0.209873
81	25	-0.20261
81	26	-0.195245
81	27	-0.187776
81	28	-0.180204
81	29	-0.172529
81	30	-0.16475
81	31	-0.156866
81	32	-0.148879
81	33	-0.140787
81	34	-0.13259
81	35	-0.12429
81	36	-0.115884
81	37	-0.107374
81	38	-0.0987602
81	39	-0.0900417
81	40	-0.0812192
81	41	-0.0722928
81	42	-0.0632629
81	43	-0.0541299
81	44	-0.0448946
81	45	-0.0355576
81	46	-0.0261201
81	47	-0.0165838
81	48	-0.00695109
82	0	-0.358762
82	1	-0.351984
82	2	-0.345863
82	3	-0.339997
82	4	-0.334241
82	5	-0.328523
82	6	-0.322802
82	7	-0.317053
82	8	-0.311258
82	9	-0.305403
82	10	-0.299482
82	11	-0.293486
82	12	-0.287409
82	13	-0.281249
82	14	-0.275002
82	15	-0.268664
82	16	-0.262233
82	17	-0.255709
82	18	-0.249088
82	19	-0.242371
82	20	-0.235555
82	21	-0.228639
82	22	-0.221624
82	23	-0.214507
82	24	-0.20729
82	25	-0.19997
82	26	-0.192548
82	27	-0.185022
82	28	-0.177394
82	29	-0.169662
82	30	-0.161827
82	31	-0.153887
82	32	-0.145844
82	33	-0.137696
82	34	-0.129444
82	35	-0.121088
82	36	-0.112627
82	37	-0.104062
82	38	-0.0953924
82	39	-0.086619
82	40	-0.0777417
82	41	-0.0687607
82	42	-0.0596764
82	43	-0.0504894
82	44	-0.0412002
82	45	-0.0318099
82	46	-0.0223196
82	47	-0.0127312
82	48	-0.00304765
83	0	-0.357723
83	1	-0.350847
83	2	-0.344641
83	3	-0.338697
83	4	-0.332868
83	5	-0.32708
83	6	-0.321291
83	7	-0.315475
83	8	-0.309615
83	9	-0.303697
83	10	-0.297713
83	11	-0.291654
83	12	-0.285517
83	13	-0.279296
83	14	-0.272988
83	15	-0.26659
83	16	-0.260101
83	17	-0.253517
83	18	-0.246838
83	19	-0.240062
83	20	-0.233187
83	21	-0.226214
83	22	-0.219141
83	23	-0.211967
83	24	-0.204692
83	25	-0.197315
83	26	-0.189836
83	27	-0.182254
83	28	-0.17457
83	29	-0.166781
83	30	-0.15889
83	31	-0.150894
83	32	-0.142794
83	33	-0.134591
83	34	-0.126283
83	35	-0.117871
83	36	-0.109355
83	37	-0.100735
83	38	-0.0920102
83	39	-0.0831818
83	40	-0.0742497
83	41	-0.0652141
83	42	-0.0560756
83	43	-0.0468345
83	44	-0.0374916
83	45	-0.028048
83	46	-0.0185051
83	47	-0.00886491
84	0	-0.356672
84	1	-0.349697
84	2	-0.343407
84	3	-0.337385
84	4	-0.331482
84	5	-0.325624
84	6	-0.319767
84	7	-0.313885
84	8	-0.307959
84	9	-0.301978
84	10	-0.29593
84	11	-0.28981
84	12	-0.283611
84	13	-0.277329
84	14	-0.270961
84	15	-0.264503
84	16	-0.257954
84	17	-0.251311
84	18	-0.244573
84	19	-0.237739
84	20	-0.230806
84	21	-0.223775
84	22	-0.216644
84	23	-0.209413
84	24	-0.202081
84	25	-0.194647
84	26	-0.187111
84	27	-0.179472
84	28	-0.171731
84	29	-0.163886
84	30	-0.155938
84	31	-0.147886
84	32	-0.139731
84	33	-0.131471
84	34	-0.123108
84	35	-0.11464
84	36	-0.106069
84	37	-0.097393
84	38	-0.0886134
84	39	-0.0797301
84	40	-0.0707432
84	41	-0.0616531
84	42	-0.0524603
84	43	-0.0431652
84	44	-0.0337687
84	45	-0.024272
84	46	-0.0146766
84	47	-0.00498496
85	0	-0.35561
85	1	-0.348536
85	2	-0.34216
85	3	-0.336061
85	4	-0.330085
85	5	-0.324155
85	6	-0.31823
85	7	-0.312282
85	8	-0.306291
85	9	-0.300245
85	10	-0.294135
85	11	-0.287952
85	12	-0.281691
85	13	-0.275348
85	14	-0.26892
85	15	-0.262402
85	16	-0.255794
85	17	-0.249092
85	18	-0.242295
85	19	-0.235402
85	20	-0.228411
85	21	-0.221322
85	22	-0.214133
85	23	-0.206845
85	24	-0.199455
85	25	-0.191964
85	26	-0.184371
85	27	-0.176676
85	28	-0.168877
85	29	-0.160976
85	30	-0.152972
85	31	-0.144864
85	32	-0.136653
85	33	-0.128337
85	34	-0.119918
85	35	-0.111395
85	36	-0.102768
85	37	-0.0940369
85	38	-0.0852022
85	39	-0.0762639
85	40	-0.0672223
85	41	-0.0580777
85	42	-0.0488306
85	43	-0.0394816
85	44	-0.0300316
85	45	-0.0204819
85	46	-0.0108343
85	47	-0.00109152
